4353.45727287419 2.301250209660278e-15
4357.7451642781425 2.0483912715849244e-15
4359.888807880053 2.0090494325257298e-15
4362.052390086361 2.392291786712248e-15
4362.052390086361 2.349830198132998e-15
4364.215972292668 2.4610926406690466e-15
4366.359615894578 2.2570519079787233e-15
4370.6671340576995 2.4721106412417417e-15
4372.830423909103 2.450090416758047e-15
4374.974671711147 2.346313034815229e-15
4377.137942072224 2.6280979958523506e-15
4379.3012319236295 2.5814520489798733e-15
4381.445460235345 2.498068859346873e-15
4383.60875008675 2.5356684772589e-15
4385.752705533891 2.4758173796843635e-15
4385.752705533891 1.98225252670223e-15
4387.916268249871 2.318456416046315e-15
4390.059931342108 2.4282333369351592e-15
4392.223201703186 2.253673643151288e-15
4394.386783909494 2.284139731381176e-15
4396.530719866307 2.220284769655237e-15
4398.694009717711 2.315017672735785e-15
4400.857572433692 2.3358557041723205e-15
4403.001527880832 2.3115526470750866e-15
4405.16479824191 2.2807209225854304e-15
4405.16479824191 2.2136733306849168e-15
4407.328380448218 2.4354865748230588e-15
4409.472335895358 2.8148190201234453e-15
4411.635606256436 2.2236129844422407e-15
4413.779854058479 2.0120610319427017e-15
4415.9431439098835 2.370981553494773e-15
4418.0870798666965 2.3533535865217462e-15
4420.250662073005 2.2103590684531527e-15
4422.413932434082 2.236916910764062e-15
4424.557887881222 2.177612824825672e-15
4426.72147008753 2.42463177208107e-15
4428.884740448609 2.2302550425949084e-15
4428.884740448609 2.2807209225854304e-15
4431.028695895748 2.2402396124280405e-15
4433.192258611729 2.1135963576856653e-15
4437.480150015682 2.154984566023337e-15
4441.787395314226 2.220284769655237e-15
4443.950958030207 2.129457373199818e-15
4446.094621122444 2.0210421544299705e-15
4448.257891483522 2.1262411625351384e-15
4450.42147368983 2.151788313817256e-15
4452.565409646642 2.1073017562948093e-15
4452.565409646642 2.2570519079787233e-15
4454.728699498048 2.28753257751225e-15
4456.892262214029 2.1614216271962006e-15
4459.036217661169 2.413824371211887e-15
4461.199488022246 2.3780638099249154e-15
4463.343735824289 2.2402396124280405e-15
4465.507025675694 2.1841174484159805e-15
4467.650961632507 2.154984566023337e-15
4469.814543838815 2.1906703854043698e-15
4471.97783369022 2.263793850093315e-15
4471.97783369022 2.3046684715832284e-15
4478.448622214419 2.346313034815229e-15
4480.592577661559 2.3887425633900352e-15
4482.756159867867 2.2269168561883685e-15
4484.899803469776 2.1939253106283437e-15
4487.063385676084 2.177612824825672e-15
4489.207321632897 2.0210421544299705e-15
4491.370611484303 2.318456416046315e-15
4493.514839796017 2.171127543662645e-15
4495.678129647423 2.236916910764062e-15
4495.678129647423 2.1808770742152043e-15
4497.8414000085 2.2435986782212684e-15
4500.0049822148085 2.1199097613228217e-15
4502.148937661948 2.277337226693959e-15
4504.312208023026 2.3533535865217462e-15
4506.456163470166 2.28753257751225e-15
4508.619726186147 2.263793850093315e-15
4510.7830160375515 2.349830198132998e-15
4512.926951994365 2.2570519079787233e-15
4515.0709074415045 2.177612824825672e-15
4517.214862888644 2.0885026411930064e-15
4519.378425604626 2.0331608745544643e-15
4519.378425604626 2.129457373199818e-15
4521.522088696862 2.151788313817256e-15
4523.685651412843 2.1104328113758418e-15
4525.849233619151 2.1614216271962006e-15
4528.012523470556 2.132621347371188e-15
4530.15645942737 2.2004777397323283e-15
4532.3004148745085 2.253673643151288e-15
4534.463685235587 2.4174437139068457e-15
4536.60793303763 2.531873190318232e-15
4538.771203398708 2.284139731381176e-15
4538.771203398708 2.220284769655237e-15
4540.934493250113 2.1939253106283437e-15
4543.078741052155 2.14219793547954e-15
4547.385966860373 2.236916910764062e-15
4549.549529576354 2.2004777397323283e-15
4551.712819427759 2.1135963576856653e-15
4553.856774874899 2.066801246849879e-15
4556.039671995145 2.0240717038262746e-15
4558.164000683117 2.066801246849879e-15
4560.3468978033625 2.132621347371188e-15
4562.490853250502 2.1873914482594695e-15
4562.490853250502 2.2269168561883685e-15
4564.634789207315 2.1010259011544113e-15
4566.79807905872 2.2269168561883685e-15
4568.961641774701 2.0978811414883323e-15
4571.105597221841 2.0729740042251665e-15
4573.268867582919 2.1073017562948093e-15
4575.413115384962 2.123116394936478e-15
4577.576405236367 2.1906703854043698e-15
4579.72034119318 2.151788313817256e-15
4584.047213250892 2.1041476030957404e-15
4586.191149207705 2.177612824825672e-15
4586.191149207705 2.236916910764062e-15
4588.354731414013 2.1582157984774485e-15
4590.518001775091 2.2004777397323283e-15
4592.642622817966 2.094741117084207e-15
4594.805893179044 2.045324465957733e-15
4599.113430832492 1.9733909664978423e-15
4601.276701193569 2.0301177208517398e-15
4603.420656640709 2.0916333423269435e-15
4605.5842193566905 2.0210421544299705e-15
4605.5842193566905 2.0916333423269435e-15
4607.727882448928 2.1104328113758418e-15
4616.361960824531 2.123116394936478e-15
4620.669478987651 2.2909625554438017e-15
4624.977016641099 2.360382199730931e-15
4627.1402870021775 2.3393253688691716e-15
4629.284242449317 2.4066366209136246e-15
4629.284242449317 2.167907348348708e-15
4633.591468257535 2.1614216271962006e-15
4635.755030973515 2.076082268193545e-15
4637.918613179823 2.1135963576856653e-15
4640.081903031229 2.1389906846118855e-15
4642.225838988042 2.1199097613228217e-15
4644.38942119435 2.0978811414883323e-15
4646.533064796259 1.9704372474059274e-15
4648.696647002567 2.0120610319427017e-15
4650.860229208875 2.039234013928338e-15
4650.860229208875 2.129457373199818e-15
4653.003872810785 2.2503300748209708e-15
4655.167455017093 2.2004777397323283e-15
4657.311390973906 2.1104328113758418e-15
4659.474680825311 2.135789129091389e-15
4661.618909137026 2.076082268193545e-15
4663.782198988431 1.9704372474059274e-15
4665.94546934951 1.9412446088952562e-15
4668.109051555817 2.0000680781018714e-15
4674.54089840691 2.039234013928338e-15
4676.7041687679875 2.0575616880776445e-15
4678.848124215127 1.9704372474059274e-15
4681.0117064214355 1.9096478899583242e-15
4683.155350023345 1.9325663464437946e-15
4685.318932229653 2.051461845090656e-15
4687.482494945634 1.98225252670223e-15
4691.789720753852 2.0331608745544643e-15
4696.09694656207 2.0090494325257298e-15
4700.424110974686 2.060645980385103e-15
4702.567754576596 2.0978811414883323e-15
4704.731336782904 2.066801246849879e-15
4706.875272739717 1.98225252670223e-15
4709.038562591121 2.0000680781018714e-15
4713.346080754242 1.9441545677233887e-15
4717.653598917363 1.9239530518943267e-15
4717.653598917363 1.98225252670223e-15
4719.7972620096 2.0150231930942473e-15
4721.980159129846 2.051461845090656e-15
4726.2876967832935 1.9383653737204274e-15
4732.738858548324 2.060645980385103e-15
4734.9021483997285 2.0240717038262746e-15
4737.06571111571 2.0885026411930064e-15
4739.2096665628505 1.9970744294191076e-15
4741.3536220099895 2.0483912715849244e-15
4743.536519130235 2.0791660951966474e-15
4745.660847818207 1.9296999827836513e-15
4747.843744938454 2.0150231930942473e-15
4749.987992740496 2.135789129091389e-15
4752.151282591901 2.1104328113758418e-15
4754.314552952979 2.066801246849879e-15
4756.458800755022 1.9851969783564175e-15
4758.6220711160995 2.076082268193545e-15
4760.766026563239 1.9881727957059674e-15
4762.9296087695475 2.0545090730200756e-15
4762.9296087695475 2.094741117084207e-15
4765.073252371458 2.1135963576856653e-15
4767.236834577765 2.135789129091389e-15
4769.380770534579 2.263793850093315e-15
4771.524725981718 2.413824371211887e-15
4773.688288697699 2.6359482381114667e-15
4775.831951789936 2.5092865322734183e-15
4777.995533996244 2.315017672735785e-15
4780.159096712225 2.1453799711534777e-15
4782.302759804462 2.0854049943330014e-15
4784.466030165539 2.1073017562948093e-15
4784.466030165539 2.0331608745544643e-15
4788.773548328661 2.14219793547954e-15
4790.9175037758005 2.123116394936478e-15
4793.081085982109 2.0575616880776445e-15
4795.224729584018 2.0729740042251665e-15
4799.551874506307 2.0916333423269435e-15
4801.6955375985435 2.045324465957733e-15
4806.022682520832 2.0210421544299705e-15
4808.185972372237 2.0060423678629854e-15
4812.493490535358 1.976322228457779e-15
4816.800716343576 1.952859118897711e-15
4818.944652300389 1.9268108791011242e-15
4821.107942151793 1.9733909664978423e-15
4825.4154603149145 2.0030661872829606e-15
4827.57875016632 1.9704372474059274e-15
4829.722978478036 1.9441545677233887e-15
4831.88626832944 1.9645689949399366e-15
4834.049538690519 1.8757536690576136e-15
4836.193786492561 1.9153520907108996e-15
4838.357076343966 1.9441545677233887e-15
4842.664302152184 1.9704372474059274e-15
4846.9715279604015 1.9441545677233887e-15
4849.135090676383 1.991126847500102e-15
4851.298672882691 2.063734923908655e-15
4851.298672882691 2.0210421544299705e-15
4853.4423164846 2.042290860548431e-15
4855.605898690908 2.1453508159263644e-15
4857.749854138048 2.0978811414883323e-15
4859.913124499126 2.0483912715849244e-15
4863.139007481708 2.06835015668633e-15
4866.364598109387 2.0000680781018714e-15
4868.508553556526 1.9499618414132983e-15
4870.671823917604 1.9674871528013556e-15
4872.816071719647 2.0150231930942473e-15
4872.816071719647 1.98225252670223e-15
4877.14263193213 1.9325663464437946e-15
4879.2868797341725 1.9039606514613926e-15
4881.450150095251 1.9268108791011242e-15
4885.757668258371 1.9733909664978423e-15
4887.920958109777 1.9153520907108996e-15
4892.228476272898 1.9296999827836513e-15
4894.372139365134 1.9096478899583242e-15
4896.5354097262125 1.958718218994474e-15
4898.698991932521 1.9268108791011242e-15
4900.842927889333 1.8926120333801174e-15
4903.006217740738 1.9239530518943267e-15
4905.169780456719 1.958718218994474e-15
4911.640588471244 1.9383653737204274e-15
4915.947814279462 1.976322228457779e-15
4918.092062081505 2.0060423678629854e-15
4918.092062081505 2.0575616880776445e-15
4926.726140457109 2.0331608745544643e-15
4928.870095904249 2.0060423678629854e-15
4933.177321712466 2.03618091834264e-15
4935.340903918774 2.076082268193545e-15
4939.648129726992 2.0060423678629854e-15
4939.648129726992 2.0331608745544643e-15
4943.955647890113 1.9970744294191076e-15
4950.426455904639 2.0210421544299705e-15
4952.570099506548 2.039234013928338e-15
4954.733681712856 2.0030661872829606e-15
4956.897244428837 1.952859118897711e-15
4959.040907521074 2.0030661872829606e-15
4961.204470237055 2.0301177208517398e-15
4963.328798925027 2.0060423678629854e-15
4963.328798925027 1.991126847500102e-15
4965.511696045272 2.0150231930942473e-15
4967.655943847316 2.051461845090656e-15
4969.81923369872 2.0791660951966474e-15
4974.1267518618415 2.0885026411930064e-15
4976.290041713246 2.060645980385103e-15
4978.433977670059 2.0090494325257298e-15
4984.88545128032 2.0575616880776445e-15
4984.88545128032 2.0823110707224884e-15
4987.068367890893 2.045324465957733e-15
4989.212011492802 2.1073017562948093e-15
4991.37559369911 2.0575616880776445e-15
4993.519529655923 2.039234013928338e-15
4995.6828195073285 2.0823110707224884e-15
5002.134293117589 2.0729740042251665e-15
5006.461145684974 2.094741117084207e-15
5006.461145684974 2.0483912715849244e-15
5008.604789286885 2.0791660951966474e-15
5010.768371493193 2.063734923908655e-15
5015.07559730141 2.1104328113758418e-15
5017.239160017391 2.0729740042251665e-15
5019.4027422236995 2.0575616880776445e-15
5021.546385825609 2.1262411625351384e-15
5023.709675677013 2.1453508159263644e-15
5025.853923479056 2.203777185676989e-15
5028.0171938401345 2.2269168561883685e-15
5030.161441642178 2.1873914482594695e-15
5030.161441642178 2.2236129844422407e-15
5032.324731493583 2.270554980868038e-15
5034.468375095493 2.315017672735785e-15
5036.632249656704 2.3674327633405212e-15
5038.795520017782 2.5546284387097807e-15
5040.939767819824 2.8190767544854996e-15
5043.103057671229 3.0601847091921132e-15
5045.266328032307 3.0013693613802406e-15
5047.409971634217 2.6280979958523506e-15
5049.573846195428 2.4102114556453362e-15
5051.717509287664 2.349830198132998e-15
5051.717509287664 2.3115526470750866e-15
5053.861737599381 2.253673643151288e-15
5056.025027450786 2.216991664820507e-15
5058.168671052696 2.1972140124922626e-15
5060.332545613906 2.1614216271962006e-15
5062.476208706143 2.1808770742152043e-15
5064.639479067221 2.203777185676989e-15
5066.802749428299 2.2402396124280405e-15
5068.946997230341 2.216991664820507e-15
5071.110287081747 2.171127543662645e-15
5073.274161642958 2.1262411625351384e-15
5075.417805244867 2.0823110707224884e-15
5081.8886132593925 2.027078273976265e-15
5084.032861061436 2.042290860548431e-15
5088.359421273919 2.0000680781018714e-15
5094.8105830389495 2.1073017562948093e-15
5096.97445760016 2.1485676033183353e-15
5096.97445760016 2.0545090730200756e-15
5099.137747451565 2.0120610319427017e-15
5101.281391053475 2.0331608745544643e-15
5105.588909216595 1.9851969783564175e-15
5107.752199068001 2.0090494325257298e-15
5109.896427379717 2.0240717038262746e-15
5112.059717231123 1.9881727957059674e-15
5114.222987592199 2.0120610319427017e-15
5116.367235394243 1.9792847425255765e-15
5122.857670167937 2.0331608745544643e-15
5127.144976862082 2.0483912715849244e-15
5129.308851423294 2.069899389288893e-15
5131.4524950252035 2.0483912715849244e-15
5133.615765386281 2.0331608745544643e-15
5135.779055237686 1.958718218994474e-15
5137.923303039729 1.9181971421065438e-15
5140.0865734008075 1.9383653737204274e-15
5140.0865734008075 1.9239530518943267e-15
5142.23082120285 1.9499618414132983e-15
5144.3941110542555 1.9296999827836513e-15
5146.537754656165 1.901110879473909e-15
5150.845272819286 1.9239530518943267e-15
5153.009147380497 1.9067895798073385e-15
5157.316080833811 1.9296999827836513e-15
5159.460328635854 1.9441545677233887e-15
5163.786888848337 1.9674871528013556e-15
5163.786888848337 2.0090494325257298e-15
5165.931117160053 2.045324465957733e-15
5168.094407011458 1.9704372474059274e-15
5172.401925174579 1.9412446088952562e-15
5176.708858627893 1.9733909664978423e-15
5178.872128988972 1.9383653737204274e-15
5181.016376791014 1.9674871528013556e-15
5183.179666642419 2.0120610319427017e-15
5185.34354120363 2.027078273976265e-15
5185.34354120363 1.9704372474059274e-15
5187.487184805539 2.0000680781018714e-15
5189.650455166618 2.0575616880776445e-15
5193.957992820066 2.0090494325257298e-15
5198.265510983187 1.9881727957059674e-15
5200.428800834592 1.952859118897711e-15
5206.899589358791 2.0240717038262746e-15
5211.207127012238 2.0791660951966474e-15
5213.370397373316 2.1073017562948093e-15
5215.514040975226 2.0791660951966474e-15
5217.677915536437 2.018043720046038e-15
5219.821578628673 1.9733909664978423e-15
5221.985453189884 1.9970744294191076e-15
5226.2923671528715 1.9441545677233887e-15
5228.455657004277 2.0060423678629854e-15
5230.59990480632 2.027078273976265e-15
5230.59990480632 2.0823110707224884e-15
5239.233983181924 2.1262411625351384e-15
5241.378230983966 2.066801246849879e-15
5243.541501345045 2.042290860548431e-15
5245.685749147086 2.0978811414883323e-15
5247.829392748998 2.1262411625351384e-15
5249.973055841234 2.1073017562948093e-15
5252.136930402445 2.0729740042251665e-15
5252.136930402445 2.0575616880776445e-15
5254.300200763523 2.0240717038262746e-15
5256.463490614928 1.9881727957059674e-15
5258.607134216838 2.0240717038262746e-15
5260.771008778049 2.063734923908655e-15
5262.934279139126 2.018043720046038e-15
5265.078526941169 1.98225252670223e-15
5267.241212592441 2.0150231930942473e-15
5271.548730755561 2.060645980385103e-15
5273.692978557605 2.039234013928338e-15
5273.692978557605 2.0090494325257298e-15
5275.856268409009 2.0240717038262746e-15
5277.999912010919 2.0823110707224884e-15
5280.163786572131 2.0978811414883323e-15
5282.307430174041 2.063734923908655e-15
5284.4903467846125 2.045324465957733e-15
5286.634594586656 2.063734923908655e-15
5288.7978649477345 2.0331608745544643e-15
5290.941508549644 2.060645980385103e-15
5295.249046203091 2.018043720046038e-15
5297.412920764303 2.039234013928338e-15
5297.412920764303 2.0240717038262746e-15
5299.556564366212 1.9616284803403203e-15
5303.864082529333 2.0030661872829606e-15
5308.171620182781 2.076082268193545e-15
5312.498180395264 2.0545090730200756e-15
5314.662035466148 2.069899389288893e-15
5316.824721117419 2.1104328113758418e-15
5318.968968919463 2.0791660951966474e-15
5321.132258770868 2.042290860548431e-15
5323.275902372778 2.027078273976265e-15
5329.74729509711 1.9733909664978423e-15
5331.910584948514 1.958718218994474e-15
5336.217498911502 1.9325663464437946e-15
5338.361746713545 1.8982911702572816e-15
5340.505994515588 1.9268108791011242e-15
5340.505994515588 1.9557864616806114e-15
5342.649657607824 1.9268108791011242e-15
5346.97619832998 1.9441545677233887e-15
5351.2837359834275 1.9239530518943267e-15
5355.591254146549 2.0150231930942473e-15
5357.734897748458 2.051461845090656e-15
5359.89877230967 1.9970744294191076e-15
5362.062062161074 1.976322228457779e-15
5366.389207083363 2.018043720046038e-15
5368.532870175601 2.0331608745544643e-15
5372.840388338721 2.045324465957733e-15
5375.003658699799 2.027078273976265e-15
5377.147906501842 1.9674871528013556e-15
5379.310592153113 1.9354632964082744e-15
5381.454839955157 1.952859118897711e-15
5383.618110316234 1.9296999827836513e-15
5385.762358118277 1.9268108791011242e-15
5387.945274728851 1.8926120333801174e-15
5392.2331661328035 1.9124852684737534e-15
5396.5597263452855 1.901110879473909e-15
5400.867244508407 1.9268108791011242e-15
5403.010888110317 1.9733909664978423e-15
5405.174762671528 1.9383653737204274e-15
5407.318425763764 1.9210733301575778e-15
5407.318425763764 1.9645689949399366e-15
5413.789818488096 1.9325663464437946e-15
5418.09675194141 1.9039606514613926e-15
5420.260022302488 1.8841768120272423e-15
5426.711203557847 1.9067895798073385e-15
5428.875078119057 1.8841768120272423e-15
5431.018721720967 1.9181971421065438e-15
5431.018721720967 1.952859118897711e-15
5433.182596282179 1.870167398239535e-15
5435.326239884087 1.8260245479722808e-15
5439.633777537536 1.8124475135263835e-15
5448.26785591314 1.7989959005850194e-15
5450.431126274217 1.820586377804355e-15
5452.57537407626 1.8314910486159024e-15
5456.882911729708 1.8479645452754502e-15
5459.045577890653 1.820586377804355e-15
5465.516990105311 1.8097593089541323e-15
5467.660633707221 1.82331620607423e-15
5469.824508268432 1.7829713940767113e-15
5471.987193919704 1.8016688466882607e-15
5474.131441721746 1.8451978140630507e-15
5474.131441721746 1.8260245479722808e-15
5482.766104807157 1.8729460908746362e-15
5487.073038260472 1.8479645452754502e-15
5489.217286062514 1.8287617899609567e-15
5491.379971713786 1.79361457674121e-15
5493.543846274997 1.817886101747557e-15
5495.6874898769065 1.8479645452754502e-15
5497.851364438118 1.804369579064687e-15
5499.9950275303545 1.7829713940767113e-15
5517.224515473032 1.8016688466882607e-15
5523.7149502467255 1.8287617899609567e-15
5528.02188370004 1.8016688466882607e-15
5538.780583118519 1.817886101747557e-15
5543.08810128164 1.788297206663101e-15
5545.251975842851 1.8260245479722808e-15
5547.39561944476 1.788297206663101e-15
5551.703157098209 1.8097593089541323e-15
5558.193591871902 1.8287617899609567e-15
5560.356258032847 1.8534837448073085e-15
5564.663795686294 1.8813566263079855e-15
5564.663795686294 1.8397033127367404e-15
5566.808043488338 1.8841768120272423e-15
5575.442121863942 1.9210733301575778e-15
5577.5863696659835 1.8898049295695738e-15
5579.730013267894 1.9067895798073385e-15
5586.220448041588 1.9124852684737534e-15
5588.364091643497 1.976322228457779e-15
5590.527966204708 1.9616284803403203e-15
5594.83548436783 1.9970744294191076e-15
5601.266454154213 1.9881727957059674e-15
5603.430309225097 2.0331608745544643e-15
5605.593599076501 2.0854049943330014e-15
5607.737846878545 2.1389906846118855e-15
5612.064407091027 2.2103590684531527e-15
5614.2282816522375 2.28753257751225e-15
5616.371925254149 2.3638892529715073e-15
5618.535195615225 2.424663741070354e-15
5620.679443417269 2.5092865322734183e-15
5622.842733268674 2.6398995695463954e-15
5624.986981070717 2.8742808038109828e-15
5627.149647231661 3.2678878371199496e-15
5629.293895033704 3.822196356060418e-15
5631.476811644277 4.255711886092693e-15
5631.476811644277 4.106039668429979e-15
5635.764703048229 2.9175033171900175e-15
5637.92857760944 2.647785063616016e-15
5640.091263260712 2.4869351314978148e-15
5642.235511062755 2.4318732673660376e-15
5644.3987814238335 2.346313034815229e-15
5646.543029225877 2.3046684715832284e-15
5648.706319077282 2.2739594715203378e-15
5650.849962679192 2.2269168561883685e-15
5653.013837240403 2.1743821009367428e-15
5653.013837240403 2.129457373199818e-15
5659.484041054795 2.0854049943330014e-15
5661.647915616006 2.0483912715849244e-15
5663.791559217916 2.0240717038262746e-15
5665.955433779127 2.0030661872829606e-15
5668.118723630532 1.976322228457779e-15
5672.406615034484 1.9557864616806114e-15
5674.569885395562 1.9354632964082744e-15
5681.040693410088 1.9039606514613926e-15
5683.184337011998 1.886976319833729e-15
5685.32858481404 1.901110879473909e-15
5687.491874665446 1.9296999827836513e-15
5689.655749226657 1.8954498585421717e-15
5693.963267389777 1.901110879473909e-15
5700.414448645135 1.9499618414132983e-15
5704.741008857618 1.9441545677233887e-15
5706.884652459527 1.9039606514613926e-15
5709.048527020739 1.8451978140630507e-15
5711.211797381817 1.8260245479722808e-15
5719.826248998252 1.8097593089541323e-15
5730.604575175898 1.8757536690576136e-15
5734.912112829346 1.8926120333801174e-15
5737.075383190425 1.9296999827836513e-15
5739.219026792334 1.958718218994474e-15
5741.382901353545 1.991126847500102e-15
5741.382901353545 1.9616284803403203e-15
5743.526564445781 1.8645985190638862e-15
5745.690439006992 1.777661442544953e-15
5749.997957170113 1.7909535557394283e-15
5752.160642821385 1.7513017462576182e-15
5756.468160984506 1.7696911629523407e-15
5762.9395537088385 1.79361457674121e-15
5765.083216801075 1.7750006861966437e-15
5767.246487162153 1.804369579064687e-15
5769.390734964196 1.8342243804382012e-15
5778.005186580631 1.8757536690576136e-15
5780.168476432035 1.9239530518943267e-15
5782.332350993247 1.9704372474059274e-15
5784.475994595157 2.0301177208517398e-15
5786.619638197067 2.0575616880776445e-15
5788.7835127582775 2.1614216271962006e-15
5790.927175850515 2.277337226693959e-15
5793.110072970761 2.4391373778833853e-15
5795.253716572671 2.4869351314978148e-15
5797.417591133882 2.270554980868038e-15
5799.561254226118 1.976322228457779e-15
5801.725128787329 1.867368181438082e-15
5806.03264695045 1.8982911702572816e-15
5808.17629055236 1.886976319833729e-15
5810.339580403765 1.867368181438082e-15
5812.483828205808 1.8287617899609567e-15
5814.647098566886 1.8016688466882607e-15
5818.974243489175 1.7829713940767113e-15
5823.28117694249 1.7750006861966437e-15
5825.4254247445315 1.79361457674121e-15
5827.588110395804 1.7803027139601216e-15
5829.751984957014 1.7591660331493503e-15
5836.203166212372 1.7383039211748148e-15
5846.981492390019 1.712527853113351e-15
5849.144762751097 1.7357020975412852e-15
5855.615570765623 1.712527853113351e-15
5857.759818567665 1.6897089450589462e-15
5859.903462169575 1.720241378842877e-15
5862.047105771484 1.7357020975412852e-15
5864.210980332697 1.702343410782225e-15
5866.3742701841 1.6846538257327275e-15
5868.518517986144 1.7176665904987096e-15
5874.988721800537 1.702343410782225e-15
5885.767047978183 1.7253563899276616e-15
5887.93031833926 1.712527853113351e-15
5894.401730553919 1.7253563899276616e-15
5896.54537415583 1.712527853113351e-15
5898.708644516907 1.7513017462576182e-15
5903.016182170355 1.7253563899276616e-15
5907.323096133343 1.7074276697840009e-15
5911.63063378679 1.7227966373204447e-15
5913.794508348002 1.7434963336189926e-15
5915.938151949911 1.720241378842877e-15
5920.264712162394 1.7331041448241496e-15
5935.350556503162 1.7253563899276616e-15
5939.657489956477 1.753927687588554e-15
5941.8213645176875 1.7383039211748148e-15
5946.128882680809 1.7487042324943044e-15
5950.436420334256 1.7644447164975732e-15
5959.0508719506915 1.756556855151991e-15
5961.195119752734 1.804369579064687e-15
5967.6653235671265 1.8016688466882607e-15
5969.829198128338 1.777661442544953e-15
5974.116485332157 1.7989959005850194e-15
5976.299401942731 1.831503110405264e-15
5978.443649744773 1.861806883837725e-15
5980.587897546817 1.8369739141158092e-15
5987.058101361209 1.7909535557394283e-15
5987.058101361209 1.804369579064687e-15
5989.22197592242 1.7909535557394283e-15
5993.52949408554 1.7829713940767113e-15
5999.980675340898 1.8016688466882607e-15
6008.6147537165025 1.8479645452754502e-15
6012.9413139289845 1.7989959005850194e-15
6019.392475694016 1.7513017462576182e-15
6021.556350255227 1.7331041448241496e-15
6025.88291046771 1.7487042324943044e-15
6028.027158269752 1.767065634919535e-15
6030.171406071795 1.7487042324943044e-15
6032.334091723067 1.7227966373204447e-15
6032.334091723067 1.7357020975412852e-15
6034.478339525109 1.753927687588554e-15
6036.622587327152 1.7331041448241496e-15
6038.78585768823 1.7513017462576182e-15
6042.011448315909 1.7803144386345894e-15
6045.256665702756 1.7513017462576182e-15
6047.400309304666 1.777661442544953e-15
6049.564183865878 1.8097593089541323e-15
6051.726869517149 1.82331620607423e-15
6053.851490560022 1.8124475135263835e-15
6058.19826224148 1.7963032113875695e-15
6060.341925333717 1.7750006861966437e-15
6064.649443496839 1.756556855151991e-15
6068.97600370932 1.7803027139601216e-15
6071.120251511364 1.7618030293060262e-15
6073.264499313407 1.7803027139601216e-15
6075.427165474352 1.7989959005850194e-15
6077.591040035562 1.82331620607423e-15
6096.983837319972 1.8562629001311097e-15
6099.127480921881 1.870167398239535e-15
6099.127480921881 1.8562629001311097e-15
6101.291355483092 1.8369739141158092e-15
6103.4546258441715 1.850734675694852e-15
6109.925433858696 1.815165138199618e-15
6112.069077460606 1.79361457674121e-15
6114.232952021817 1.7803027139601216e-15
6118.540489675264 1.7909535557394283e-15
6120.70315583621 1.7750006861966437e-15
6122.847403638252 1.79361457674121e-15
6129.299189093743 1.767065634919535e-15
6131.461855254688 1.7803027139601216e-15
6137.933267469347 1.8124475135263835e-15
6142.240785632467 1.8757536690576136e-15
6144.384429234378 1.8926120333801174e-15
6146.528092326615 1.8534837448073085e-15
6148.691966887825 1.8260245479722808e-15
6150.87486400807 1.7909535557394283e-15
6157.3260452634295 1.767065634919535e-15
6161.613351957574 1.8070505337602826e-15
6163.796249077821 1.7513017462576182e-15
6165.940496879864 1.7591660331493503e-15
6172.411304894389 1.7253563899276616e-15
6176.718823057511 1.6947554696672506e-15
6181.045383269993 1.7227966373204447e-15
6187.516775994325 1.7434963336189926e-15
6187.516775994325 1.7305329209397235e-15
6189.640792837066 1.7074276697840009e-15
6193.986979808718 1.7487042324943044e-15
6204.745679227196 1.7099878253352931e-15
6206.909553788408 1.6947554696672506e-15
6209.053216880644 1.6871569052774985e-15
6217.648041737912 1.6846538257327275e-15
6219.811896808795 1.6522986967839564e-15
6221.9751866602 1.6671487561811355e-15
6226.282704823321 1.647377907799318e-15
6230.609869235937 1.67463515088029e-15
6239.224320852372 1.702343410782225e-15
6243.53123481536 1.6771454575767645e-15
6245.695109376572 1.7048952296253497e-15
6250.002647030019 1.7253563899276616e-15
6256.472850844411 1.702343410782225e-15
6258.617098646454 1.720241378842877e-15
6262.924616809576 1.7227966373204447e-15
6265.087906660981 1.7434963336189926e-15
6267.2517617318645 1.7750006861966437e-15
6271.539068426011 1.7357020975412852e-15
6275.885859597795 1.7048952296253497e-15
6284.480684455062 1.67463515088029e-15
6288.788202618183 1.6547754984223506e-15
6290.951472979261 1.6400133656004046e-15
6293.114762830666 1.6278193795002578e-15
6295.278637391877 1.6522986967839564e-15
6297.4032584347515 1.6796595045981811e-15
6299.565924595697 1.6597184067283514e-15
6299.565924595697 1.635106943107863e-15
6308.180980412265 1.6108829791681163e-15
6310.324624014174 1.6424717514835398e-15
6314.6517884267905 1.6254050135856026e-15
6316.796036228834 1.6375586593307142e-15
6321.122596441317 1.6597184067283514e-15
6323.266240043226 1.6498249121064992e-15
6325.430114604437 1.6278193795002578e-15
6327.593384965516 1.647377907799318e-15
6329.737632767557 1.6205422729809934e-15
6331.90031841883 1.608514919586008e-15
6334.024939461704 1.6205422729809934e-15
6336.188814022917 1.6375586593307142e-15
6338.3717111431615 1.6254050135856026e-15
6342.679248796609 1.6572335134270004e-15
6344.82289239852 1.6424717514835398e-15
6349.149452611002 1.6547754984223506e-15
6351.293700413045 1.6424717514835398e-15
6355.600614376033 1.67463515088029e-15
6357.783530986606 1.6572335134270004e-15
6362.072026590691 1.6871569052774985e-15
6366.379544753812 1.6400133656004046e-15
6366.379544753812 1.6547754984223506e-15
6372.849748568205 1.6671487561811355e-15
6377.1572862216535 1.6821551635186786e-15
6381.483826943808 1.6972735583598446e-15
6383.628074745852 1.720241378842877e-15
6394.406400923498 1.6796595045981811e-15
6398.713938576946 1.6646753833526333e-15
6407.308763434214 1.635106943107863e-15
6409.4726379954245 1.6229721506090166e-15
6409.4726379954245 1.608514919586008e-15
6418.106716371028 1.6254050135856026e-15
6420.269986732106 1.5989055861364825e-15
6422.394003574847 1.6229721506090166e-15
6431.048312909752 1.6181387004001366e-15
6437.499494165109 1.6302594865547532e-15
6439.662764526189 1.60610735892778e-15
6441.8070123282305 1.6302594865547532e-15
6443.969697979503 1.6037033801672196e-15
6448.277216142624 1.6181387004001366e-15
6452.584753796071 1.60610735892778e-15
6459.035915561102 1.6229721506090166e-15
6463.382706732886 1.587017891099717e-15
6474.141406151364 1.608514919586008e-15
6480.592567916396 1.584663399986881e-15
6493.553206504481 1.6133196449181924e-15
6495.677827547356 1.589396858027145e-15
6500.004387759839 1.5989055861364825e-15
6500.004387759839 1.584663399986881e-15
6502.16826232105 1.5658707308075666e-15
6504.292883363925 1.5823130212485027e-15
6506.456153725002 1.5941654740499526e-15
6508.619443576407 1.577600659917973e-15
6519.397769754054 1.5658707308075666e-15
6521.521786596795 1.584663399986881e-15
6523.704683717042 1.5705480543330585e-15
6532.31973953361 1.5965341048796888e-15
6536.646299746093 1.584663399986881e-15
6543.098065711257 1.587017891099717e-15
6543.098065711257 1.5682179766167632e-15
6545.2809823218295 1.5917793695849352e-15
6547.425210633546 1.60610735892778e-15
6549.568873725782 1.5729023326938438e-15
6553.8763918889035 1.5823130212485027e-15
6556.059308499477 1.5989055861364825e-15
6562.4908435053385 1.5799654889327337e-15
6564.654133356744 1.5658707308075666e-15
6566.797776958652 1.577600659917973e-15
6566.797776958652 1.589396858027145e-15
6575.43245953439 1.5635482465277755e-15
6579.739373497378 1.5989055861364825e-15
6584.046911150826 1.589396858027145e-15
6586.210785712037 1.6013241345535475e-15
6588.354429313946 1.5823130212485027e-15
6592.680989526429 1.6037033801672196e-15
6596.969485130516 1.5705480543330585e-15
6599.152382250761 1.5917793695849352e-15
6601.296045342999 1.6037033801672196e-15
6605.603563506119 1.577600659917973e-15
6607.766833867197 1.5588917484234799e-15
6609.911081669239 1.589396858027145e-15
6612.073767320511 1.561207969114276e-15
6616.362262924598 1.5917793695849352e-15
6618.545160044843 1.5682179766167632e-15
6620.688823137079 1.5823130212485027e-15
6627.159611661278 1.5495999245250552e-15
6631.476660594244 1.5670442314435152e-15
6637.937937838926 1.5542286464492166e-15
6644.4087458534505 1.5473009256225084e-15
6648.696637257404 1.5380781891924171e-15
6653.004174910851 1.561207969114276e-15
6653.004174910851 1.5729023326938438e-15
6657.311088873839 1.5519228012814324e-15
6663.781896888365 1.5799654889327337e-15
6668.089415051485 1.5519228012814324e-15
6670.25270490289 1.5635482465277755e-15
6676.704470868054 1.5752601188993482e-15
6685.338549243657 1.5965341048796888e-15
6687.501839095063 1.5823130212485027e-15
6700.443435633787 1.589396858027145e-15
6700.443435633787 1.5729023326938438e-15
6704.750369087102 1.589396858027145e-15
6706.894616889144 1.5635482465277755e-15
6709.038864691187 1.5752601188993482e-15
6717.691965625826 1.6037033801672196e-15
6719.816586668701 1.577600659917973e-15
6726.307021442395 1.561207969114276e-15
6728.4506650443045 1.5917793695849352e-15
6734.922077258963 1.5752601188993482e-15
6743.556155634567 1.5917793695849352e-15
6743.556155634567 1.5799654889327337e-15
6754.333877612082 1.5752601188993482e-15
6756.458498654954 1.589396858027145e-15
6762.948933428649 1.608514919586008e-15
6765.073554471524 1.6254050135856026e-15
6767.236824832602 1.6400133656004046e-15
6769.400114684007 1.672150648710983e-15
6771.543758285917 1.7305329209397235e-15
6773.707632847128 1.7989959005850194e-15
6778.015151010248 1.7305329209397235e-15
6780.17783666152 1.647377907799318e-15
6782.3220844635625 1.6278193795002578e-15
6793.100410641209 1.6302594865547532e-15
6795.263681002287 1.6133196449181924e-15
6797.426970853692 1.6254050135856026e-15
6801.715466457777 1.6133196449181924e-15
6803.878132618724 1.584663399986881e-15
6812.493188435292 1.5752601188993482e-15
6825.434804464343 1.5635482465277755e-15
6827.578448066253 1.5752601188993482e-15
6829.761345186498 1.5989055861364825e-15
6831.905592988542 1.5705480543330585e-15
6834.049840790584 1.5495999245250552e-15
6834.049840790584 1.5658707308075666e-15
6849.135100421547 1.5473009256225084e-15
6851.278744023456 1.5635482465277755e-15
6853.461660634028 1.533497565709737e-15
6857.750156238115 1.5473009256225084e-15
6859.933053358362 1.5682179766167632e-15
6862.07669696027 1.5799654889327337e-15
6866.384234613718 1.5658707308075666e-15
6870.691752776838 1.5542286464492166e-15
6872.835396378749 1.584663399986881e-15
6874.998686230153 1.5705480543330585e-15
6877.1619565912315 1.5495999245250552e-15
6877.1619565912315 1.5729023326938438e-15
6879.325831152442 1.5542286464492166e-15
6883.613137846589 1.5658707308075666e-15
6887.940282768879 1.5823130212485027e-15
6892.247216222193 1.5635482465277755e-15
6898.718608946525 1.587017891099717e-15
6900.862272038761 1.6108829791681163e-15
6905.188812760917 1.6254050135856026e-15
6907.33306056296 1.6108829791681163e-15
6909.496350414364 1.5799654889327337e-15
6911.660224975576 1.5682179766167632e-15
6913.803868577486 1.5917793695849352e-15
6915.967743138697 1.561207969114276e-15
6918.091759981438 1.587017891099717e-15
6922.4379469530895 1.5752601188993482e-15
6926.726442557175 1.5799654889327337e-15
6931.053002769658 1.5635482465277755e-15
6939.647827626925 1.5449849876168309e-15
6943.974972549215 1.561207969114276e-15
6946.099008882282 1.5495999245250552e-15
6950.44578056374 1.5658707308075666e-15
6952.58942416565 1.5449849876168309e-15
6954.733671967692 1.533497565709737e-15
6956.877919769735 1.5565584617388237e-15
6961.223502541254 1.5495999245250552e-15
6963.348123584128 1.5380781891924171e-15
6967.675287996744 1.5682179766167632e-15
6969.819535798787 1.587017891099717e-15
6972.002432919033 1.5658707308075666e-15
6974.146076520943 1.5519228012814324e-15
6978.45361417439 1.5542286464492166e-15
6987.087692549994 1.561207969114276e-15
6987.087692549994 1.5823130212485027e-15
6991.395210713115 1.5495999245250552e-15
6997.865414527507 1.5917793695849352e-15
7002.153910131594 1.5519228012814324e-15
7006.480470344077 1.6133196449181924e-15
7008.605091386951 1.6326817463158583e-15
7010.787988507197 1.5752601188993482e-15
7015.095526160645 1.5519228012814324e-15
7017.258192321589 1.5380781891924171e-15
7021.565729975037 1.5729023326938438e-15
7023.729604536248 1.5588917484234799e-15
7025.873248138159 1.5289312030046508e-15
7028.03712269937 1.5426724951953498e-15
7032.324429393516 1.5588917484234799e-15
7036.631947556636 1.5658707308075666e-15
7045.247003373205 1.5752601188993482e-15
7047.429900493451 1.5449849876168309e-15
7049.573563585689 1.5588917484234799e-15
7051.7172071875975 1.5220961724324582e-15
7053.881081748809 1.5799654889327337e-15
7056.044352109887 1.5682179766167632e-15
7062.495533365244 1.587017891099717e-15
7064.658803726322 1.533497565709737e-15
7066.822678287534 1.5495999245250552e-15
7068.96634137977 1.533497565709737e-15
7071.130215940981 1.5588917484234799e-15
7073.273859542891 1.5752601188993482e-15
7077.620046514542 1.5941654740499526e-15
7077.620046514542 1.5658707308075666e-15
7079.7446675574165 1.6013241345535475e-15
7084.051581520404 1.6205422729809934e-15
7088.37874593302 1.5799654889327337e-15
7090.522993735063 1.5542286464492166e-15
7092.686264096141 1.5729023326938438e-15
7097.013428508757 1.589396858027145e-15
7099.137445351498 1.5729023326938438e-15
7099.137445351498 1.561207969114276e-15
7101.300715712576 1.577600659917973e-15
7105.608253366025 1.5312022673557165e-15
7107.77210843691 1.561207969114276e-15
7112.079041890223 1.5062796133761253e-15
7114.223289692265 1.5426724951953498e-15
7118.549849904749 1.5823130212485027e-15
7120.693493506658 1.5289312030046508e-15
7122.876410117232 1.5426724951953498e-15
7133.616067486348 1.5705480543330585e-15
7135.779357337753 1.5588917484234799e-15
7137.9426276988315 1.540383794670722e-15
7140.106502260042 1.5658707308075666e-15
7142.250145861952 1.5449849876168309e-15
7144.393808954188 1.5588917484234799e-15
7153.027887329792 1.5243778205946429e-15
7163.786586748271 1.5705480543330585e-15
7165.950461309481 1.5519228012814324e-15
7168.113731670559 1.540383794670722e-15
7172.420665123875 1.5752601188993482e-15
7174.5845396850855 1.589396858027145e-15
7178.892057848206 1.5658707308075666e-15
7181.035720940442 1.584663399986881e-15
7185.362261662598 1.6205422729809934e-15
7187.506509464641 1.6646753833526333e-15
7187.506509464641 1.6278193795002578e-15
7189.669799316045 1.5917793695849352e-15
7191.833673877257 1.60610735892778e-15
7193.977317479168 1.5941654740499526e-15
7198.284835642287 1.5823130212485027e-15
7202.611395854771 1.5635482465277755e-15
7206.899891458856 1.5495999245250552e-15
7209.062577110128 1.4973013857837138e-15
7211.226451671339 1.5588917484234799e-15
7211.226451671339 1.6621837415314615e-15
7213.389722032417 1.635106943107863e-15
7215.53396983446 1.5682179766167632e-15
7217.677632926698 1.5107994670812708e-15
7219.841487997581 1.4795447507752918e-15
7222.004173648853 1.5107994670812708e-15
7224.128794691727 1.5289312030046508e-15
7226.272457783964 1.5152917180618953e-15
7228.45535490421 1.5266421213814241e-15
7230.599602706253 1.508517662304253e-15
7232.762873067331 1.5243778205946429e-15
7234.926747628542 1.5152917180618953e-15
7237.070410720778 1.5289312030046508e-15
7241.396951442935 1.5107994670812708e-15
7243.541199244977 1.4995458459002154e-15
7245.7044890963825 1.5357760554089573e-15
7247.848736898426 1.5588917484234799e-15
7250.012007259504 1.5449849876168309e-15
7252.1758818207145 1.5705480543330585e-15
7254.319525422625 1.6108829791681163e-15
7258.646085635108 1.5635482465277755e-15
7260.770706677981 1.5473009256225084e-15
7265.117497849766 1.5519228012814324e-15
7269.38576249455 1.5357760554089573e-15
7271.568659614795 1.508517662304253e-15
7273.712322707033 1.5357760554089573e-15
7275.876177777917 1.5682179766167632e-15
7278.019840870154 1.5495999245250552e-15
7284.510275643848 1.519817324064231e-15
7288.797562847667 1.5266421213814241e-15
7290.961437408878 1.501794298756947e-15
7295.287997621362 1.513023057170662e-15
7299.575889025313 1.5542286464492166e-15
7303.903053437929 1.5729023326938438e-15
7306.027674480804 1.5380781891924171e-15
7310.35421520296 1.5426724951953498e-15
7312.497878295197 1.5729023326938438e-15
7314.6617528564075 1.533497565709737e-15
7318.969271019529 1.5519228012814324e-15
7321.131956670801 1.5380781891924171e-15
7321.131956670801 1.5635482465277755e-15
7323.276204472842 1.5823130212485027e-15
7325.439474833922 1.608514919586008e-15
7327.603349395133 1.5752601188993482e-15
7329.747012487369 1.60610735892778e-15
7334.05453065049 1.5635482465277755e-15
7336.217801011569 1.5752601188993482e-15
7338.362048813611 1.5473009256225084e-15
7342.668982266925 1.5519228012814324e-15
7344.813230068969 1.5426724951953498e-15
7351.303664842662 1.4995458459002154e-15
7355.61057880565 1.5495999245250552e-15
7357.793495416223 1.5266421213814241e-15
7359.918116459098 1.540383794670722e-15
7362.081386820177 1.5220961724324582e-15
7364.2452613813875 1.5062796133761253e-15
7366.407947032658 1.495080582714671e-15
7366.407947032658 1.5312022673557165e-15
7368.532568075533 1.561207969114276e-15
7375.003960799865 1.533497565709737e-15
7381.4741646142575 1.5040250541289595e-15
7383.638039175468 1.533497565709737e-15
7385.762056018211 1.5705480543330585e-15
7387.925345869616 1.540383794670722e-15
7392.252490791905 1.5682179766167632e-15
7396.559424245219 1.5917793695849352e-15
7400.86694240834 1.5519228012814324e-15
7403.030816969551 1.5729023326938438e-15
7405.155438012425 1.6278193795002578e-15
7409.501020783944 1.5823130212485027e-15
7411.645268585986 1.5519228012814324e-15
7411.645268585986 1.577600659917973e-15
7413.789516388029 1.561207969114276e-15
7415.952806239435 1.5823130212485027e-15
7420.279951161723 1.5380781891924171e-15
7422.423594763633 1.5175631457506272e-15
7426.7311324170805 1.5682179766167632e-15
7428.894402778158 1.6254050135856026e-15
7431.038650580201 1.6424717514835398e-15
7433.201336231474 1.6157167134477893e-15
7435.3455840335155 1.589396858027145e-15
7437.508854394593 1.5289312030046508e-15
7439.672728955805 1.5542286464492166e-15
7441.816392048042 1.5752601188993482e-15
7443.960035649952 1.5941654740499526e-15
7446.142932770197 1.5449849876168309e-15
7448.287180572241 1.6013241345535475e-15
7450.431428374283 1.6871569052774985e-15
7452.614344984857 1.6205422729809934e-15
7454.757988586767 1.584663399986881e-15
7454.757988586767 1.5473009256225084e-15
7456.901632188676 1.5588917484234799e-15
7459.045879990719 1.5729023326938438e-15
7461.209169842123 1.6498249121064992e-15
7463.3730444033345 1.6326817463158583e-15
7465.516688005246 1.5799654889327337e-15
7467.660331607154 1.6108829791681163e-15
7469.843248217727 1.6846538257327275e-15
7471.98749601977 1.644912156379314e-15
7476.294409982758 1.584663399986881e-15
7478.438657784801 1.5495999245250552e-15
7478.438657784801 1.6796595045981811e-15
7482.784844756452 1.6326817463158583e-15
7487.053109401236 1.6572335134270004e-15
7491.39990057302 1.6400133656004046e-15
7493.5435441749305 1.6846538257327275e-15
7495.687791976974 1.7331041448241496e-15
7497.8510818283785 1.767065634919535e-15
7499.994725430288 1.753927687588554e-15
7499.994725430288 1.7829713940767113e-15
7502.177622550534 1.7963032113875695e-15
7504.321870352577 1.7803027139601216e-15
7506.46611815462 1.817886101747557e-15
7508.628803805892 1.7989959005850194e-15
7512.936321969012 1.8841768120272423e-15
7515.100196530224 1.9851969783564175e-15
7517.24385962246 1.9499618414132983e-15
7519.407734183671 2.039234013928338e-15
7521.551377785581 2.0978811414883323e-15
7521.551377785581 2.1135963576856653e-15
7523.714648146659 2.2302550425949084e-15
7525.877937998064 2.3046684715832284e-15
7528.041812559275 2.3780638099249154e-15
7530.1664336021495 2.4721106412417417e-15
7532.329099763094 2.66366190520759e-15
7534.512016373667 2.8064741757923576e-15
7536.65626417571 2.8742808038109828e-15
7538.800511977754 3.1061606152365848e-15
7540.944155579662 3.4277034572239593e-15
7543.108030140873 3.868120699102394e-15
7545.270715792146 4.3912408863006665e-15
7545.270715792146 5.228905368841212e-15
7547.4149635941885 6.052380486636028e-15
7549.559211396232 6.189330264372817e-15
7551.72248175731 5.387424536689916e-15
7553.885771608715 4.430767442959568e-15
7556.029415210624 3.693248550896975e-15
7558.193289771835 3.2484094437853163e-15
7560.336933373745 2.8785893609852524e-15
7562.480596465981 2.66366190520759e-15
7564.68372454553 2.616349180658398e-15
7566.807741388271 2.4610926406690466e-15
7566.807741388271 2.3780638099249154e-15
7571.11525955139 2.277337226693959e-15
7573.278549402796 2.2136733306849168e-15
7575.442423964007 2.164661605922759e-15