4077.5910497807267 4.647453535545061e-15
4079.735005227866 4.682203953696707e-15
4079.735005227866 4.59227846848886e-15
4081.878941184679 4.47729233402501e-15
4084.0425233909873 4.5990998087162205e-15
4084.0425233909873 4.759674992086591e-15
4086.205793752065 4.689224555890565e-15
4086.205793752065 4.470530148004637e-15
4088.349749199205 4.696253783598903e-15
4090.493685156018 4.497336666390722e-15
4090.493685156018 4.404357712549173e-15
4092.6569750074223 4.551311083624956e-15
4094.8012228094653 4.352066884468837e-15
4096.964493170543 4.417513719324371e-15
4096.964493170543 4.497336666390722e-15
4099.127783021948 4.087683769479653e-15
4101.272011333664 4.3781053981777215e-15
4101.272011333664 4.417513719324371e-15
4103.435301185069 4.6404974133749095e-15
4105.579256632209 4.352066884468837e-15
4107.74281934819 4.384668193781413e-15
4109.9061091995945 4.551311083624956e-15
4109.9061091995945 4.437350732169911e-15
4112.049752801505 4.384668193781413e-15
4112.049752801505 4.470589032016725e-15
4116.357270964625 4.173977523376704e-15
4116.357270964625 4.417513719324371e-15
4120.684123532011 4.186500573234429e-15
4120.684123532011 4.437350732169911e-15
4124.991349340229 4.4241356478474646e-15
4124.991349340229 4.52424243971026e-15
4127.135597142272 4.243095411722353e-15
4127.135597142272 4.4506052905201615e-15
4129.298886993677 4.517470734969737e-15
4131.442822950489 4.306903522226876e-15
4133.606405156797 4.457276823873731e-15
4135.769695008203 4.578601986539109e-15
4135.769695008203 4.661335742952954e-15
4137.913630965016 4.5309646152299085e-15
4140.077213171323 4.332611129920095e-15
4142.220856773233 4.294018573385685e-15
4144.384438979541 4.443941943756916e-15
4146.5480211858485 4.281232086659584e-15
4148.691664787759 4.345611941078609e-15
4150.855246994067 4.3781053981777215e-15
4155.182099561453 4.217861626211892e-15
4155.182099561453 4.2684819466675115e-15
4157.306701114 4.4506052905201615e-15
4157.306701114 4.205300212788647e-15
4159.4699909654055 4.4241356478474646e-15
4161.633261326483 4.3133010265960825e-15
4161.633261326483 4.365066696281364e-15
4165.940798979931 4.249399855501462e-15
4170.2480247881485 4.457276823873731e-15
4170.2480247881485 4.236744516584246e-15
4172.391960744962 4.106039668429979e-15
4172.391960744962 4.397765387113395e-15
4174.555250596366 4.457276823873731e-15
4176.69949839841 4.243095411722353e-15
4176.69949839841 4.274822321671431e-15
4178.843142000319 4.326185043116303e-15
4181.026039120565 4.2684819466675115e-15
4183.170286922608 4.205300212788647e-15
4183.170286922608 4.397765387113395e-15
4185.333576774013 4.243095411722353e-15
4187.477512730826 4.404357712549173e-15
4189.641094937134 4.274822321671431e-15
4191.804384788538 4.199005831322115e-15
4193.948320745351 4.326185043116303e-15
4196.111902951659 4.365066696281364e-15
4196.111902951659 4.149153103695412e-15
4198.255546553569 4.217861626211892e-15
4198.255546553569 4.287591400637573e-15
4200.419128759877 4.2241268671310675e-15
4202.56306471669 4.255711886092693e-15
4202.56306471669 4.384668193781413e-15
4204.726354568094 4.417513719324371e-15
4206.8899367744025 4.4638976335462905e-15
4209.0338727312155 4.306903522226876e-15
4211.197162582621 4.236744516584246e-15
4213.341390894337 4.081619248985517e-15
4213.341390894337 4.3912408863006665e-15
4215.504680745741 4.352066884468837e-15
4217.66795110682 4.1367962585486785e-15
4219.812198908862 4.4506052905201615e-15
4221.975488760267 4.306903522226876e-15
4221.975488760267 4.2620929964628085e-15
4224.119132362177 4.339107544750498e-15
4226.282714568485 4.4241356478474646e-15
4228.426650525297 4.397765387113395e-15
4230.5899403767025 4.217861626211892e-15
4232.753503092684 4.294018573385685e-15
4232.753503092684 4.236744516584246e-15
4234.897458539824 4.294018573385685e-15
4237.060728900901 4.371669415816676e-15
4239.224311107209 4.3133010265960825e-15
4239.224311107209 4.255711886092693e-15
4241.368266554349 4.11213875274241e-15
4243.531536915428 4.281232086659584e-15
4245.6757847174695 4.217861626211892e-15
4247.81942831938 4.470589032016725e-15
4247.81942831938 4.230403070120443e-15
4249.983010525688 4.294018573385685e-15
4252.126965972828 4.230403070120443e-15
4254.290236333905 4.326185043116303e-15
4254.290236333905 4.4506052905201615e-15
4256.434484135949 4.2620929964628085e-15
4258.5977544970265 4.4638976335462905e-15
4260.761044348431 4.319709782748372e-15
4262.9052921504735 4.217861626211892e-15
4262.9052921504735 4.167728337523379e-15
4265.068562511552 4.417513719324371e-15
4267.231852362957 4.19272092770071e-15
4269.376080674672 4.106039668429979e-15
4269.376080674672 4.205300212788647e-15
4271.539370526078 4.332611129920095e-15
4273.6833259732175 4.1367962585486785e-15
4273.6833259732175 4.352066884468837e-15
4277.990551781435 4.118304586318745e-15
4277.990551781435 4.149153103695412e-15
4280.1538221425135 4.057290627501474e-15
4282.317404348822 4.180234386982104e-15
4282.317404348822 4.11213875274241e-15
4284.461340305634 4.274822321671431e-15
4288.768877959082 4.397765387113395e-15
4288.768877959082 4.236744516584246e-15
4290.93214832016 4.1367962585486785e-15
4293.095418681238 4.186500573234429e-15
4295.259000887546 4.0633725754567685e-15
4297.402956334686 4.217861626211892e-15
4299.566226695763 4.384668193781413e-15
4299.566226695763 4.199005831322115e-15
4301.710474497806 3.991197789675017e-15
4303.873764349211 4.3133010265960825e-15
4303.873764349211 4.281232086659584e-15
4306.017700306024 4.155372698993257e-15
4308.1812825123325 4.306903522226876e-15
4308.1812825123325 4.19272092770071e-15
4310.324926114242 4.0452074181724505e-15
4312.48850832055 3.938016304057738e-15
4314.632444277363 4.015131726046129e-15
4314.632444277363 4.3133010265960825e-15
4316.815360887936 4.09994791497663e-15
4318.93998193081 3.985278030043039e-15
4318.93998193081 4.0633725754567685e-15
4321.122879051057 4.033161827294625e-15
4323.266542143293 4.11213875274241e-15
4323.266542143293 4.142999064145257e-15
4325.410770455009 4.22418427283705e-15
4327.554433547246 4.093811277273933e-15
4329.718015753554 4.180234386982104e-15
4329.718015753554 4.0512178375168394e-15
4334.0252415617715 4.180234386982104e-15
4334.0252415617715 4.2620929964628085e-15
4336.18851192285 4.294018573385685e-15
4336.18851192285 4.199005831322115e-15
4340.49603008597 4.11213875274241e-15
4340.49603008597 4.173977523376704e-15
4342.659319937375 4.281232086659584e-15
4344.803567739418 4.3781053981777215e-15
4344.803567739418 4.345611941078609e-15
4346.966838100496 4.130604467722283e-15
4349.110793547636 4.161603358523545e-15
4349.110793547636 4.2684819466675115e-15
4351.274356263617 4.186500573234429e-15
4355.581582071834 4.300398679429865e-15
4355.581582071834 4.039152659341252e-15
4357.7451642781425 4.230403070120443e-15
4359.888807880053 4.199005831322115e-15
4359.888807880053 4.0633725754567685e-15
4362.052390086361 3.997182281644059e-15
4364.215972292668 4.130604467722283e-15
4364.215972292668 4.243095411722353e-15
4366.359615894578 3.985278030043039e-15
4368.523198100886 4.027123467554049e-15
4372.830423909103 4.161603358523545e-15
4374.974671711147 3.938016304057738e-15
4374.974671711147 4.2115484999925025e-15
4379.3012319236295 4.0512178375168394e-15
4379.3012319236295 4.1367962585486785e-15
4381.445460235345 4.236744516584246e-15
4381.445460235345 4.015131726046129e-15
4383.60875008675 3.96751596272905e-15
4385.752705533891 4.130604467722283e-15
4385.752705533891 4.027123467554049e-15
4387.916268249871 3.938016304057738e-15
4390.059931342108 3.9087359841036225e-15
4390.059931342108 3.961629724158829e-15
4392.223201703186 4.093811277273933e-15
4394.386783909494 3.96751596272905e-15
4394.386783909494 4.0512178375168394e-15
4396.530719866307 4.124421888859509e-15
4396.530719866307 4.057290627501474e-15
4400.857572433692 4.081619248985517e-15
4400.857572433692 4.2115484999925025e-15
4403.001527880832 4.09994791497663e-15
4405.145483327972 4.0091203605701254e-15
4407.309046043953 3.833613421711828e-15
4409.45270913619 3.8970967701779204e-15
4411.616271852171 4.093811277273933e-15
4411.616271852171 3.961629724158829e-15
4413.779854058479 3.991197789675017e-15
4415.923497660388 3.914543579670633e-15
4418.067745462432 3.985278030043039e-15
4420.231035313836 3.949779328897752e-15
4420.231035313836 3.759984276536362e-15
4422.394305674914 3.7881502982597955e-15
4424.557887881222 3.868120699102394e-15
4426.701823838035 3.827925842027667e-15
4426.701823838035 4.0091203605701254e-15
4431.009361491483 3.862330998960488e-15
4431.009361491483 4.1367962585486785e-15
4435.316587299701 3.92041154736291e-15
4435.316587299701 3.76557085698214e-15
4437.480150015682 4.033161827294625e-15
4437.480150015682 3.938016304057738e-15
4439.623813107918 3.885490589324282e-15
4441.787395314226 3.748737061891184e-15
4443.950958030207 3.914543579670633e-15
4446.094621122444 3.8508284081325065e-15
4446.094621122444 3.6987847436444716e-15
4448.257891483522 3.8796749427506216e-15
4450.42147368983 3.979313025627848e-15
4452.565409646642 3.885490589324282e-15
4452.565409646642 3.816475394253251e-15
4454.728699498048 3.8508284081325065e-15
4456.892262214029 3.949779328897752e-15
4456.892262214029 3.8970967701779204e-15
4459.036217661169 3.961629724158829e-15
4461.199488022246 3.862330998960488e-15
4463.343735824289 3.932121986034072e-15
4463.343735824289 3.885490589324282e-15
4465.507025675694 3.961629724158829e-15
4467.650961632507 3.845064642522289e-15
4467.650961632507 3.961629724158829e-15
4469.814543838815 3.926288258252146e-15
4471.97783369022 3.96751596272905e-15
4476.285351853341 3.9087359841036225e-15
4476.285351853341 4.015131726046129e-15
4478.448622214419 3.9028854920837925e-15
4478.448622214419 4.003174072137755e-15
4480.592577661559 3.973409284840294e-15
4482.736513618372 3.8970967701779204e-15
4482.736513618372 3.810814834966348e-15
4484.880469065511 3.914543579670633e-15
4487.044051271819 3.873919025823641e-15
4489.187694873728 3.9028854920837925e-15
4491.351277080036 3.96751596272905e-15
4491.351277080036 3.9028854920837925e-15
4493.495213036849 4.033161827294625e-15
4495.658502888255 3.96751596272905e-15
4497.822085094563 3.914543579670633e-15
4497.822085094563 4.027123467554049e-15
4499.985647810544 3.926288258252146e-15
4502.12931090278 4.0091203605701254e-15
4504.292581263859 3.856548403317767e-15
4506.456163470166 3.914543579670633e-15
4506.456163470166 4.033161827294625e-15
4508.600099426979 3.96751596272905e-15
4512.907637080427 3.961629724158829e-15
4512.907637080427 3.8796749427506216e-15
4515.0709074415045 3.92041154736291e-15
4517.214862888644 4.069409929898795e-15
4517.214862888644 3.9087359841036225e-15
4519.378425604626 3.654872374280008e-15
4521.522088696862 3.833613421711828e-15
4521.522088696862 3.782480295686068e-15
4523.685651412843 3.839360073714898e-15
4525.849233619151 3.862330998960488e-15
4528.012523470556 3.748737061891184e-15
4528.012523470556 3.822196356060418e-15
4530.15645942737 3.776818830791008e-15
4532.3004148745085 3.845064642522289e-15
4532.3004148745085 3.8796749427506216e-15
4534.463685235587 3.943919404540053e-15
4536.60793303763 4.19272092770071e-15
4536.60793303763 4.087683769479653e-15
4538.771203398708 3.8912621239996e-15
4538.771203398708 3.92041154736291e-15
4540.934493250113 3.822196356060418e-15
4543.078741052155 3.776818830791008e-15
4543.078741052155 3.8912621239996e-15
4547.385966860373 3.839360073714898e-15
4547.385966860373 3.704330784898257e-15
4549.549529576354 3.759984276536362e-15
4549.549529576354 3.868120699102394e-15
4553.856774874899 3.682249462820137e-15
4553.856774874899 3.7881502982597955e-15
4556.039671995145 3.8508284081325065e-15
4558.164000683117 3.805109368172879e-15
4558.164000683117 3.76557085698214e-15
4560.3468978033625 3.732029188499861e-15
4562.471518846238 3.793778727749246e-15
4564.634789207315 3.737623513561427e-15
4564.634789207315 3.793778727749246e-15
4568.942326860763 3.839360073714898e-15
4568.942326860763 3.9087359841036225e-15
4571.085970462673 3.693248550896975e-15
4573.249552668981 3.793778727749246e-15
4573.249552668981 3.822196356060418e-15
4575.413115384962 3.682249462820137e-15
4579.72034119318 3.715345289610505e-15
4579.72034119318 3.61147982638717e-15
4584.027567001397 3.704330784898257e-15
4586.191149207705 3.63313524468476e-15
4588.335104654845 3.579310717461095e-15
4590.498375015923 3.6385334020838926e-15
4590.498375015923 3.759984276536362e-15
4592.642622817966 3.726492320000552e-15
4594.805893179044 3.687720594733615e-15
4594.805893179044 3.6385334020838926e-15
4596.969183030448 3.671284717250273e-15
4599.113430832492 3.6385334020838926e-15
4601.276701193569 3.715345289610505e-15
4603.420656640709 3.754356432114527e-15
4603.420656640709 3.6439876258052786e-15
4605.5842193566905 3.759984276536362e-15
4607.727882448928 3.6385334020838926e-15
4609.891464655235 3.743226275052528e-15
4612.055027371216 3.676738019418187e-15
4614.198690463452 3.715345289610505e-15
4614.198690463452 3.76557085698214e-15
4616.361960824531 3.845064642522289e-15
4618.525543030839 3.704330784898257e-15
4618.525543030839 3.754356432114527e-15
4620.669478987651 3.8912621239996e-15
4624.977016641099 3.7881502982597955e-15
4624.977016641099 3.9087359841036225e-15
4627.1402870021775 4.0211504770880046e-15
4629.284242449317 3.949779328897752e-15
4629.284242449317 3.805109368172879e-15
4631.447805165298 3.754356432114527e-15
4633.591468257535 3.7881502982597955e-15
4633.591468257535 3.654872374280008e-15
4635.755030973515 3.833613421711828e-15
4637.918613179823 3.6987847436444716e-15
4640.081903031229 3.660301297661655e-15
4640.081903031229 3.693248550896975e-15
4642.206504583777 3.600724307313928e-15
4644.369794435181 3.563309540865872e-15
4644.369794435181 3.600724307313928e-15
4646.533064796259 3.5579761219716854e-15
4648.677312598302 3.584676116989996e-15
4650.84058295938 3.5315214659012775e-15
4650.84058295938 3.63313524468476e-15
4652.98453840652 3.6061233145381745e-15
4655.148120612828 3.5579761219716854e-15
4657.311390973906 3.654872374280008e-15
4659.455346421046 3.693248550896975e-15
4659.455346421046 3.600724307313928e-15
4661.599282377859 3.63313524468476e-15
4661.599282377859 3.6061233145381745e-15
4663.762572229263 3.484417673130756e-15
4665.926154435571 3.4277034572239593e-15
4668.089717151553 3.552649199647987e-15
4670.233380243789 3.649401858556719e-15
4670.233380243789 3.5953348389765365e-15
4672.396650604867 3.6222674726605565e-15
4674.54089840691 3.654872374280008e-15
4674.54089840691 3.6222674726605565e-15
4676.7041687679875 3.4533803651408705e-15
4676.7041687679875 3.494871858856824e-15
4678.848124215127 3.579310717461095e-15
4681.0117064214355 3.6061233145381745e-15
4681.0117064214355 3.474040563872488e-15
4685.318932229653 3.5368152769024e-15
4685.318932229653 3.4688879006045635e-15
4687.482494945634 3.616893496336471e-15
4691.789720753852 3.704330784898257e-15
4696.09694656207 3.600724307313928e-15
4696.09694656207 3.484417673130756e-15
4700.424110974686 3.515829534841675e-15
4700.424110974686 3.474040563872488e-15
4702.567754576596 3.547379896940649e-15
4702.567754576596 3.6385334020838926e-15
4704.731336782904 3.563309540865872e-15
4706.875272739717 3.515829534841675e-15
4706.875272739717 3.4896408747419256e-15
4709.038562591121 3.6385334020838926e-15
4711.182810393164 3.579310717461095e-15
4711.182810393164 3.521004074607412e-15
4713.346080754242 3.474040563872488e-15
4715.509370605647 3.5953348389765365e-15
4717.653598917363 3.4327949453905988e-15
4717.653598917363 3.5953348389765365e-15
4721.980159129846 3.563309540865872e-15
4724.124406931889 3.649401858556719e-15
4726.2876967832935 3.5315214659012775e-15
4728.431340385203 3.474040563872488e-15
4730.5755881872465 3.3769223353567143e-15
4730.5755881872465 3.5579761219716854e-15
4732.719231789156 3.4073174008494225e-15
4734.882813995464 3.5105194269299295e-15
4739.190039803681 3.671284717250273e-15
4741.3536220099895 3.63313524468476e-15
4741.3536220099895 3.474040563872488e-15
4743.517184725971 3.50531123939879e-15
4745.660847818207 3.4073174008494225e-15
4745.660847818207 3.5157817555158872e-15
4747.824410534188 3.552649199647987e-15
4749.968365981328 3.5368152769024e-15
4752.131636342407 3.4533803651408705e-15
4754.295218548714 3.4277034572239593e-15
4756.439173995854 3.521004074607412e-15
4756.439173995854 3.660301297661655e-15
4758.602444356931 3.584676116989996e-15
4760.746692158975 3.5315214659012775e-15
4760.746692158975 3.63313524468476e-15
4765.053917967192 3.676738019418187e-15
4769.380770534579 3.720914655663357e-15
4771.524725981718 3.827925842027667e-15
4771.524725981718 3.92041154736291e-15
4773.688288697699 3.979313025627848e-15
4775.831951789936 4.0091203605701254e-15
4777.995533996244 3.7881502982597955e-15
4777.995533996244 3.720914655663357e-15
4780.159096712225 3.76557085698214e-15
4782.302759804462 3.5953348389765365e-15
4782.302759804462 3.5105194269299295e-15
4784.466030165539 3.63313524468476e-15
4786.610277967583 3.6987847436444716e-15
4786.610277967583 3.6061233145381745e-15
4788.773548328661 3.515829534841675e-15
4790.9175037758005 3.573953300415236e-15
4793.081085982109 3.4533803651408705e-15
4793.081085982109 3.6222674726605565e-15
4797.388311790326 3.494871858856824e-15
4797.388311790326 3.5315214659012775e-15
4801.6955375985435 3.5900022732162695e-15
4801.6955375985435 3.627697313475891e-15
4806.022682520832 3.573953300415236e-15
4808.185972372237 3.5105194269299295e-15
4808.185972372237 3.4482569022754672e-15
4812.493490535358 3.5000645828027635e-15
4814.637134137268 3.6061233145381745e-15
4816.800716343576 3.4688879006045635e-15
4816.800716343576 3.351813915582637e-15
4818.944652300389 3.5105194269299295e-15
4823.252189953837 3.4277034572239593e-15
4823.252189953837 3.3870079769995953e-15
4825.4154603149145 3.4277034572239593e-15
4827.559415762054 3.392086533138775e-15
4827.559415762054 3.417495251257467e-15
4831.866641570272 3.5000645828027635e-15
4831.866641570272 2.9924715081802805e-15
4834.03022377658 3.0647719783437825e-15
4834.03022377658 3.4482569022754672e-15
4836.174159733393 3.402217464737862e-15
4838.3374495847975 3.443095689559118e-15
4838.3374495847975 3.479248210019608e-15
4840.4813855416105 3.422573008080329e-15
4842.644967747919 3.336875147460629e-15
4842.644967747919 3.4277034572239593e-15
4844.808238108996 3.4533803651408705e-15
4846.952193556136 3.3567927232246103e-15
4846.952193556136 3.4327949453905988e-15
4849.115775762444 3.3318792525740292e-15
4849.115775762444 3.50531123939879e-15
4851.2594193643545 3.547379896940649e-15
4853.423001570662 3.4637414306349083e-15
4853.423001570662 3.494871858856824e-15
4855.586564286643 3.4688879006045635e-15
4857.730227378879 3.521004074607412e-15
4859.89379009486 3.563309540865872e-15
4859.89379009486 3.484417673130756e-15
4864.201015903079 3.4073174008494225e-15
4866.364598109387 3.5315214659012775e-15
4868.508553556526 3.336875147460629e-15
4868.508553556526 3.2339301882338245e-15
4870.671823917604 3.474040563872488e-15
4872.816071719647 3.397171328793927e-15
4872.816071719647 3.2678878371199496e-15
4874.9793420807255 3.392086533138775e-15
4874.9793420807255 3.4277034572239593e-15
4877.14263193213 3.3268921843613137e-15
4879.2868797341725 3.3819843996203632e-15
4881.450150095251 3.336875147460629e-15
4883.6134399466555 3.3870079769995953e-15
4890.0649135569165 3.3468411826850576e-15
4894.372139365134 3.3120644904138546e-15
4896.5354097262125 3.371912351744101e-15
4900.842927889333 3.3120644904138546e-15
4900.842927889333 3.351813915582637e-15
4903.006217740738 3.402217464737862e-15
4905.169780456719 3.3318792525740292e-15
4909.477006264937 3.402217464737862e-15
4909.477006264937 3.282562367054186e-15
4911.640588471244 3.258155541648804e-15
4913.784543918385 3.371912351744101e-15
4913.784543918385 3.412380035295938e-15
4915.947814279462 3.3318792525740292e-15
4918.092062081505 3.3870079769995953e-15
4920.25535193291 3.3219577701426162e-15
4920.25535193291 3.5315214659012775e-15
4922.379953485458 3.50531123939879e-15
4924.543243336862 3.4277034572239593e-15
4924.543243336862 3.484417673130756e-15
4928.8507614999835 3.417495251257467e-15
4928.8507614999835 3.5000645828027635e-15
4931.014031861062 3.397171328793927e-15
4933.177321712466 3.3668653630537226e-15
4935.321569514509 3.287438307965586e-15
4935.321569514509 3.341831719853449e-15
4937.465213116418 3.302155753607949e-15
4939.628795322727 3.4073174008494225e-15
4941.792358038708 3.3468411826850576e-15
4943.936021130945 3.3120644904138546e-15
4946.099603337253 3.402217464737862e-15
4950.4068291454705 3.3769223353567143e-15
4954.733681712856 3.417495251257467e-15
4954.733681712856 3.3819843996203632e-15
4959.021573116809 3.412380035295938e-15
4961.204470237055 3.3819843996203632e-15
4961.204470237055 3.4073174008494225e-15
4963.328798925027 3.3219577701426162e-15
4965.511696045272 3.412380035295938e-15
4967.655943847316 3.351813915582637e-15
4969.81923369872 3.3870079769995953e-15
4969.81923369872 3.4533803651408705e-15
4971.963169655533 3.3870079769995953e-15
4974.1267518618415 3.4327949453905988e-15
4974.1267518618415 3.4637414306349083e-15
4976.290041713246 3.3567927232246103e-15
4978.433977670059 3.392086533138775e-15
4980.577933117199 3.494871858856824e-15
4980.577933117199 3.397171328793927e-15
4982.7412034782765 3.371912351744101e-15
4984.88545128032 3.4585569946225763e-15
4984.88545128032 3.4327949453905988e-15
4987.068367890893 3.402217464737862e-15
4991.37559369911 3.392086533138775e-15
4991.37559369911 3.3468411826850576e-15
4995.6828195073285 3.4327949453905988e-15
4997.827047819044 3.4688879006045635e-15
4999.990337670449 3.392086533138775e-15
4999.990337670449 3.4379421555426996e-15
5002.134293117589 3.412380035295938e-15
5002.134293117589 3.341831719853449e-15
5004.29785583357 3.417495251257467e-15
5006.461145684974 3.474040563872488e-15
5006.461145684974 3.443095689559118e-15
5008.604789286885 3.341831719853449e-15
5010.768371493193 3.3668653630537226e-15
5012.931934209174 3.422573008080329e-15
5015.07559730141 3.50531123939879e-15
5017.239160017391 3.484417673130756e-15
5017.239160017391 3.5368152769024e-15
5021.527070911671 3.4637414306349083e-15
5021.527070911671 3.3870079769995953e-15
5023.6906336276525 3.4637414306349083e-15
5025.834296719889 3.50531123939879e-15
5025.834296719889 3.5953348389765365e-15
5027.9981712811 3.521004074607412e-15
5032.324731493583 3.573953300415236e-15
5032.324731493583 3.687720594733615e-15
5034.44933304613 3.649401858556719e-15
5036.612622897535 3.720914655663357e-15
5036.612622897535 3.76557085698214e-15
5038.775893258613 3.8912621239996e-15
5040.920141060656 3.979313025627848e-15
5040.920141060656 4.243095411722353e-15
5043.083411421734 4.300398679429865e-15
5043.083411421734 4.243095411722353e-15
5047.390949075182 4.057290627501474e-15
5047.390949075182 3.961577490401194e-15
5049.554219436259 3.715345289610505e-15
5051.698467238302 3.563309540865872e-15
5051.698467238302 3.6385334020838926e-15
5056.025027450786 3.693248550896975e-15
5056.025027450786 3.600724307313928e-15
5058.168671052696 3.5105194269299295e-15
5058.168671052696 3.5900022732162695e-15
5062.476208706143 3.371912351744101e-15
5062.476208706143 3.4482569022754672e-15
5064.639479067221 3.5000645828027635e-15
5066.802749428299 3.4585569946225763e-15
5066.802749428299 3.573953300415236e-15
5068.946997230341 3.4533803651408705e-15
5071.110287081747 3.371912351744101e-15
5071.110287081747 3.4637414306349083e-15
5073.274161642958 3.412380035295938e-15
5073.274161642958 3.3468411826850576e-15
5077.581075605945 3.3268921843613137e-15
5077.581075605945 3.297258028223414e-15
5079.725323407989 3.392086533138775e-15
5081.8886132593925 3.3468411826850576e-15
5081.8886132593925 3.402217464737862e-15
5084.032861061436 3.3468411826850576e-15
5086.196131422515 3.3120644904138546e-15
5086.196131422515 3.3567927232246103e-15
5090.503064875828 3.402217464737862e-15
5092.66693943704 3.341831719853449e-15
5094.8105830389495 3.3769223353567143e-15
5096.97445760016 3.336875147460629e-15
5096.97445760016 3.3819843996203632e-15
5099.137747451565 3.3318792525740292e-15
5099.137747451565 3.282562367054186e-15
5103.444661414553 3.3318792525740292e-15
5105.588909216595 3.2629965495552424e-15
5107.752199068001 3.3567927232246103e-15
5107.752199068001 3.392086533138775e-15
5109.896427379717 3.307062137574939e-15
5112.040090471954 3.2435901211997824e-15
5112.040090471954 3.30220062976538e-15
5114.203360833031 3.2532788650293047e-15
5116.367235394243 3.277647788048452e-15
5118.510898486479 3.2194730660085998e-15
5120.674168847558 3.2678878371199496e-15
5122.837439208635 3.307062137574939e-15
5122.837439208635 3.2532788650293047e-15
5124.981687010678 3.229089771152302e-15
5127.144976862082 3.3668653630537226e-15
5127.144976862082 3.3219577701426162e-15
5129.289224664125 3.2435901211997824e-15
5129.289224664125 3.316984209219911e-15
5133.596138627113 3.272741936215827e-15
5133.596138627113 3.2339301882338245e-15
5137.903676280562 3.287438307965586e-15
5140.067550841773 3.2484094437853163e-15
5144.3941110542555 3.214654244385089e-15
5144.3941110542555 3.1907956982153632e-15
5146.518712606803 3.238735201809766e-15
5148.701629217376 3.2678878371199496e-15
5153.009147380497 3.2194730660085998e-15
5153.009147380497 3.1860198431095596e-15
5155.152790982406 3.1529129102621054e-15
5155.152790982406 3.2194730660085998e-15
5159.460328635854 3.1955366220311343e-15
5159.460328635854 3.2484094437853163e-15
5163.786888848337 3.1812510933799952e-15
5163.786888848337 3.2484094437853163e-15
5165.931117160053 3.292366189711856e-15
5168.094407011458 3.238735201809766e-15
5170.238050613368 3.30220062976538e-15
5172.401925174579 3.402217464737862e-15
5174.565215025984 3.3268921843613137e-15
5174.565215025984 3.2629965495552424e-15
5178.872128988972 3.30220062976538e-15
5178.872128988972 3.258155541648804e-15
5183.179666642419 3.1907956982153632e-15
5183.179666642419 3.167029470398305e-15
5185.34354120363 3.229089771152302e-15
5185.34354120363 3.282562367054186e-15
5187.487184805539 3.336875147460629e-15
5189.650455166618 3.2098863003903272e-15
5193.957992820066 3.3268921843613137e-15
5193.957992820066 3.287438307965586e-15
5196.102240622109 3.1907956982153632e-15
5198.265510983187 3.2532788650293047e-15
5198.265510983187 3.2243003730110346e-15
5204.736318997712 3.1812510933799952e-15
5204.736318997712 3.1340772805000762e-15
5206.899589358791 3.1955366220311343e-15
5209.024210401664 3.2339301882338245e-15
5211.187480762743 3.351813915582637e-15
5213.350770614147 3.3870079769995953e-15
5213.350770614147 3.3618702545407586e-15
5215.495018416191 3.2339301882338245e-15
5215.495018416191 3.2098863003903272e-15
5217.658288777267 3.167029470398305e-15
5219.821578628673 3.2003267428224906e-15
5219.821578628673 3.2678878371199496e-15
5224.109470032626 3.238735201809766e-15
5224.109470032626 3.277647788048452e-15
5226.272740393704 3.302155753607949e-15
5226.272740393704 3.2339301882338245e-15
5228.436614954915 3.2098863003903272e-15
5230.59990480632 3.292366189711856e-15
5234.906818769308 3.2629965495552424e-15
5234.906818769308 3.2194730660085998e-15
5237.05106657135 3.302155753607949e-15
5239.214356422755 3.272741936215827e-15
5243.521874585876 3.287438307965586e-15
5245.665518187785 3.3268921843613137e-15
5247.829392748998 3.272741936215827e-15
5254.300200763523 3.2050805303671693e-15
5256.463490614928 3.229089771152302e-15
5260.771008778049 3.2003267428224906e-15
5260.771008778049 3.238735201809766e-15
5262.934279139126 3.3120644904138546e-15
5265.078526941169 3.2435901211997824e-15
5271.548730755561 3.1955366220311343e-15
5271.548730755561 3.229089771152302e-15
5273.692978557605 3.167029470398305e-15
5275.856268409009 3.229089771152302e-15
5280.163786572131 3.176488195348733e-15
5280.163786572131 3.2532788650293047e-15
5282.307430174041 3.277647788048452e-15
5282.307430174041 3.176488195348733e-15
5284.4903467846125 3.2098863003903272e-15
5286.634594586656 3.272741936215827e-15
5288.7978649477345 3.1955366220311343e-15
5293.105383110855 3.101595696065417e-15
5295.249046203091 3.0785344115665373e-15
5295.249046203091 3.1812510933799952e-15
5297.412920764303 3.1340772805000762e-15
5299.556564366212 3.167029470398305e-15
5301.720438927423 3.1340772805000762e-15
5301.720438927423 3.1061606152365848e-15
5303.864082529333 3.1529129102621054e-15
5306.00774562157 3.087730168530397e-15
5306.00774562157 3.0601847091921132e-15
5314.641823997174 3.0969941855576086e-15
5316.805698558384 3.055644594562087e-15
5318.949342160295 3.0148471242936656e-15
5321.1132167215055 2.934958804924229e-15
5321.1132167215055 2.9613770357838108e-15
5323.256860323415 3.0374726062343302e-15
5325.42015017482 3.0058696822828342e-15
5325.42015017482 2.974634786481558e-15
5327.564397976863 2.948098284184608e-15
5334.034601791255 2.9969177594551845e-15
5336.198476352467 2.934958804924229e-15
5336.198476352467 2.9131365151658597e-15
5338.342119954377 3.032924970140357e-15
5342.649657607824 3.0693243704792057e-15
5342.649657607824 3.0283854096124716e-15
5346.97619832998 3.087730168530397e-15
5353.42798378547 3.1247872667936174e-15
5355.591254146549 3.176488195348733e-15
5357.734897748458 3.101595696065417e-15
5359.89877230967 3.176488195348733e-15
5362.062062161074 3.1061606152365848e-15
5362.062062161074 3.0601847091921132e-15
5364.206309963118 3.1717768588676977e-15
5366.389207083363 3.2194730660085998e-15
5368.532870175601 3.143524386150953e-15
5368.532870175601 3.2484094437853163e-15
5370.67651377751 3.1481937565948575e-15
5372.840388338721 3.214654244385089e-15
5372.840388338721 3.287438307965586e-15
5375.003658699799 3.157597547361771e-15
5377.147906501842 3.2003267428224906e-15
5379.310592153113 3.1529129102621054e-15
5381.454839955157 3.214654244385089e-15
5383.618110316234 3.1294713762826414e-15
5385.762358118277 3.2194730660085998e-15
5387.945274728851 3.167029470398305e-15
5387.945274728851 3.120108905141469e-15
5390.069291571592 3.1481937565948575e-15
5394.376809734713 3.1481937565948575e-15
5396.540684295924 3.1812510933799952e-15
5398.68434738816 3.1154811898768317e-15
5400.848221949372 3.083149187235507e-15
5403.010888110317 3.1481937565948575e-15
5403.010888110317 3.2050805303671693e-15
5407.318425763764 3.1340772805000762e-15
5407.318425763764 3.087730168530397e-15
5409.462673565807 3.1154811898768317e-15
5409.462673565807 3.1623308400218157e-15
5411.625943926884 3.2050805303671693e-15
5413.769587528794 3.2435901211997824e-15
5413.769587528794 3.1294713762826414e-15
5415.933462090006 3.055644594562087e-15
5418.09675194141 3.1907956982153632e-15
5418.09675194141 3.167029470398305e-15
5420.240999743453 3.101595696065417e-15
5422.404270104532 3.1481937565948575e-15
5424.567559955936 3.1955366220311343e-15
5424.567559955936 3.1717768588676977e-15
5426.711203557847 3.2003267428224906e-15
5431.018721720967 3.1623308400218157e-15
5433.182596282179 3.2194730660085998e-15
5433.182596282179 3.307062137574939e-15
5435.326239884087 3.2435901211997824e-15
5437.489529735492 3.2003267428224906e-15
5437.489529735492 3.0693243704792057e-15
5439.633777537536 3.0058696822828342e-15
5439.633777537536 3.0969941855576086e-15
5446.103981351927 3.0785344115665373e-15
5448.26785591314 3.0283854096124716e-15
5448.26785591314 3.0969941855576086e-15
5452.57537407626 3.010375532281396e-15
5452.57537407626 3.0739265846548687e-15
5454.738663927665 3.120108905141469e-15
5456.882911729708 3.0739265846548687e-15
5459.045577890653 3.019367654057913e-15
5461.209452451863 3.0601847091921132e-15
5463.353115544101 3.0969941855576086e-15
5465.516990105311 3.0283854096124716e-15
5467.660633707221 3.0693243704792057e-15
5469.824508268432 2.987992496772778e-15
5469.824508268432 2.9657758857760555e-15
5471.987193919704 3.0693243704792057e-15
5474.131441721746 3.110818062508297e-15
5474.131441721746 3.083149187235507e-15
5476.294712082825 3.010375532281396e-15
5478.438959884868 3.1247872667936174e-15
5478.438959884868 3.0601847091921132e-15
5480.582603486778 3.0238937377467194e-15
5487.053411501303 2.9657758857760555e-15
5489.19707459354 3.0283854096124716e-15
5491.360929664424 2.9305658762256916e-15
5493.524219515829 2.987992496772778e-15
5493.524219515829 2.9525576186134105e-15
5495.6684673178725 3.010375532281396e-15
5499.975985480993 2.970182472364153e-15
5499.975985480993 3.0283854096124716e-15
5502.138671132264 2.939318373425814e-15
5504.302545693476 3.0238937377467194e-15
5506.446189295386 2.983520149106224e-15
5508.610063856597 3.0148471242936656e-15
5510.773353708001 2.987992496772778e-15
5510.773353708001 2.9437256536777924e-15
5515.080267670989 2.956904381130406e-15
5515.080267670989 2.9924715081802805e-15
5519.387805324437 3.0238937377467194e-15
5525.838967089467 2.9437256536777924e-15
5530.146504742916 2.9790938148377622e-15
5534.473649665204 2.956904381130406e-15
5534.473649665204 2.9218381797971074e-15
5536.636939516609 3.0647719783437825e-15
5536.636939516609 3.0283854096124716e-15
5538.780583118519 2.9525576186134105e-15
5540.9444576797305 2.9657758857760555e-15
5543.08810128164 3.0058696822828342e-15
5545.251975842851 3.032924970140357e-15
5547.39561944476 3.0058696822828342e-15
5549.578536055334 2.970182472364153e-15
5553.886054218454 2.987992496772778e-15
5556.02971731069 2.948098284184608e-15
5560.356258032847 2.983520149106224e-15
5560.356258032847 3.0058696822828342e-15
5562.500505834889 2.983520149106224e-15
5568.95229129038 2.9088157793424953e-15
5571.09593489229 3.0283854096124716e-15
5573.259205253367 3.0058696822828342e-15
5575.403453055412 3.0374726062343302e-15
5579.730013267894 3.0647719783437825e-15
5581.873656869803 2.987992496772778e-15
5584.037531431015 3.0374726062343302e-15
5586.2008212824185 3.0969941855576086e-15
5590.5083394455405 3.0510710282110282e-15
5590.5083394455405 3.1340772805000762e-15
5592.65198304745 3.1061606152365848e-15
5596.959520700897 3.1623308400218157e-15
5596.959520700897 3.1388192424906722e-15
5601.266454154213 3.0923166626104957e-15
5601.266454154213 3.1481937565948575e-15
5607.737846878545 3.1907956982153632e-15
5612.064407091027 3.282562367054186e-15
5612.064407091027 3.3268921843613137e-15
5616.371925254149 3.494871858856824e-15
5616.371925254149 3.402217464737862e-15
5618.535195615225 3.494871858856824e-15
5618.535195615225 3.5953348389765365e-15
5620.679443417269 3.6385334020838926e-15
5622.842733268674 3.793778727749246e-15
5624.986981070717 4.039152659341252e-15
5627.149647231661 4.2241268671310675e-15
5627.149647231661 4.5990998087162205e-15
5629.293895033704 4.8819796426952014e-15
5631.476811644277 4.985109263251827e-15
5631.476811644277 4.874738672055328e-15
5633.62105944632 4.67525935420756e-15
5635.764703048229 4.339107544750498e-15
5635.764703048229 3.873919025823641e-15
5637.92857760944 3.654872374280008e-15
5637.92857760944 3.600724307313928e-15
5640.091263260712 3.4482569022754672e-15
5642.235511062755 3.479248210019608e-15
5644.3987814238335 3.3567927232246103e-15
5646.543029225877 3.292366189711856e-15
5648.706319077282 3.214654244385089e-15
5650.830920629829 3.1955366220311343e-15
5655.157480842312 3.167029470398305e-15
5657.301143934548 3.0923166626104957e-15
5661.628288856838 3.1812510933799952e-15
5661.628288856838 3.1294713762826414e-15
5663.772536658881 3.0465444347113546e-15
5663.772536658881 3.087730168530397e-15
5668.099096871363 3.019367654057913e-15
5668.099096871363 3.0510710282110282e-15
5670.2427404732725 3.0969941855576086e-15
5672.406615034484 2.9924715081802805e-15
5676.714133197605 2.9437256536777924e-15
5678.857796289842 3.0923166626104957e-15
5678.857796289842 3.0148471242936656e-15
5681.0216708510525 2.9657758857760555e-15
5683.184337011998 3.019367654057913e-15
5683.184337011998 2.939318373425814e-15
5687.491874665446 2.9790938148377622e-15
5687.491874665446 3.0013693613802406e-15
5691.799392828566 2.939318373425814e-15
5693.963267389777 2.970182472364153e-15
5696.106910991688 3.0465444347113546e-15
5698.2702008430915 3.0148471242936656e-15
5700.414448645135 3.055644594562087e-15
5702.577719006214 3.083149187235507e-15
5704.741008857618 2.9790938148377622e-15
5709.048527020739 2.987992496772778e-15
5711.211797381817 3.0238937377467194e-15
5713.335833714885 2.974634786481558e-15
5717.662978637174 2.8657207720529847e-15
5719.826248998252 2.8871878707381134e-15
5721.9901235594625 2.948098284184608e-15
5724.133786651699 2.970182472364153e-15
5724.133786651699 2.904461941279907e-15
5726.2976612129105 2.9261782984983734e-15
5728.441304814821 2.974634786481558e-15
5728.441304814821 3.04198448911479e-15
5730.604575175898 2.983520149106224e-15
5732.748822977941 3.0283854096124716e-15
5734.912112829346 3.0510710282110282e-15
5734.912112829346 2.9613770357838108e-15
5737.056360631389 3.0058696822828342e-15
5739.219026792334 3.083149187235507e-15
5739.219026792334 3.0374726062343302e-15
5743.50752239642 2.9969177594551845e-15
5743.50752239642 2.8915157756517435e-15
5745.670812247824 2.844414439212527e-15
5747.8340826089025 2.8232653736851876e-15
5749.977726210812 2.844414439212527e-15
5749.977726210812 2.8915157756517435e-15
5752.141600772024 2.844414439212527e-15
5754.304890623428 2.8699786567808854e-15
5756.449138425472 2.8190767544854996e-15
5758.592782027381 2.857148561568606e-15
5758.592782027381 2.8785893609852524e-15
5765.0635900419065 2.9001134457805154e-15
5767.226860402985 2.857148561568606e-15
5769.370523495221 2.9088157793424953e-15
5773.69766841751 2.987992496772778e-15
5773.69766841751 2.9305658762256916e-15
5775.860938778588 2.9924715081802805e-15
5778.005186580631 2.9613770357838108e-15
5778.005186580631 2.9924715081802805e-15
5780.168476432035 2.948098284184608e-15
5780.168476432035 2.9969177594551845e-15
5782.332350993247 3.0739265846548687e-15
5784.475994595157 3.032924970140357e-15
5784.475994595157 3.010375532281396e-15
5786.619638197067 3.1247872667936174e-15
5788.7835127582775 3.1860198431095596e-15
5790.927175850515 3.2484094437853163e-15
5793.110072970761 3.3618702545407586e-15
5795.253716572671 3.4073174008494225e-15
5795.253716572671 3.3819843996203632e-15
5799.561254226118 3.1108590369436302e-15
5799.561254226118 3.019367654057913e-15
5801.725128787329 2.9088157793424953e-15
5803.868772389238 2.9657758857760555e-15
5803.868772389238 3.0148471242936656e-15
5806.03264695045 2.9790938148377622e-15
5806.03264695045 3.0013693613802406e-15
5808.17629055236 2.9525576186134105e-15
5814.647098566886 2.983520149106224e-15
5814.647098566886 2.9305658762256916e-15
5816.810388418291 2.852909672999046e-15
5818.974243489175 2.882866404753662e-15
5821.117906581411 2.827459033498771e-15
5821.117906581411 2.8614703241832235e-15
5823.28117694249 2.8106440699243458e-15
5825.405213275557 2.8401944430892425e-15
5825.405213275557 2.8742808038109828e-15
5829.732358197846 2.8232653736851876e-15
5831.87660599989 2.8742808038109828e-15
5831.87660599989 2.9175033171900175e-15
5834.039876360966 2.8657207720529847e-15
5836.18412416301 2.9001134457805154e-15
5838.346809814281 2.9305658762256916e-15
5840.491057616325 2.904461941279907e-15
5840.491057616325 2.8401944430892425e-15
5842.654327977403 2.8915157756517435e-15
5844.818202538614 2.8359433538891125e-15
5844.818202538614 2.7648965477922866e-15
5846.96186563085 2.827459033498771e-15
5846.96186563085 2.8699786567808854e-15
5851.288406353007 2.8316985893339995e-15
5851.288406353007 2.857148561568606e-15
5853.432654155049 2.8871878707381134e-15
5855.595944006454 2.844414439212527e-15
5855.595944006454 2.8915157756517435e-15
5857.740191808496 2.8699786567808854e-15
5859.903462169575 2.844414439212527e-15
5862.047105771484 2.827459033498771e-15
5864.210980332697 2.852909672999046e-15
5866.3742701841 2.8064741757923576e-15
5868.518517986144 2.9088157793424953e-15
5870.681788347222 2.8359433538891125e-15
5870.681788347222 2.8958120256473582e-15
5872.845078198627 2.857148561568606e-15
5874.988721800537 2.827459033498771e-15
5881.460114524868 2.7566622784664545e-15
5883.62280017614 2.8106440699243458e-15
5890.074566141303 2.7443760168346453e-15
5892.237855992708 2.7731554132363637e-15
5892.237855992708 2.8316985893339995e-15
5894.401730553919 2.7814389482683307e-15
5896.54537415583 2.8106440699243458e-15
5896.54537415583 2.8316985893339995e-15
5898.708644516907 2.7855705169771244e-15
5900.852892318951 2.8657207720529847e-15
5903.016182170355 2.8359433538891125e-15
5903.016182170355 2.798117252776504e-15
5905.160429972398 2.8232653736851876e-15
5907.323096133343 2.8614703241832235e-15
5907.323096133343 2.76900466536901e-15
5909.486970694554 2.827459033498771e-15
5911.611591737429 2.798117252776504e-15
5911.611591737429 2.7731554132363637e-15
5913.774881588833 2.8148190201234453e-15
5915.938151949911 2.8401944430892425e-15
5915.938151949911 2.8190767544854996e-15
5918.0817955518205 2.8401944430892425e-15
5922.408959964437 2.7814389482683307e-15
5924.55320776648 2.8148190201234453e-15
5926.716478127559 2.844414439212527e-15
5926.716478127559 2.8022735577367117e-15
5928.879767978963 2.777274640044327e-15
5931.004369531511 2.7566622784664545e-15
5935.330929743994 2.777274640044327e-15
5937.4948043052045 2.6996703835714643e-15
5937.4948043052045 2.723934851339853e-15
5939.638447907114 2.7814389482683307e-15
5941.801737758518 2.793929105323083e-15
5943.945985560562 2.723934851339853e-15
5946.1092559216395 2.777274640044327e-15
5948.272545773045 2.7443760168346453e-15
5948.272545773045 2.8106440699243458e-15
5950.436420334256 2.848678226599775e-15
5952.560437176998 2.798117252776504e-15
5954.743334297244 2.8064741757923576e-15
5956.887582099287 2.76900466536901e-15
5959.0508719506915 2.8064741757923576e-15
5959.0508719506915 2.7566622784664545e-15
5963.357785913679 2.798117252776504e-15
5963.357785913679 2.8190767544854996e-15
5965.502033715722 2.798117252776504e-15
5967.6653235671265 2.844414439212527e-15
5969.829198128338 2.793929105323083e-15
5971.992468489416 2.8401944430892425e-15
5971.992468489416 2.8190767544854996e-15
5974.116485332157 2.7648965477922866e-15
5974.116485332157 2.8190767544854996e-15
5976.299401942731 2.844414439212527e-15
5978.443649744773 2.9001134457805154e-15
5980.587897546817 2.8657207720529847e-15
5982.770794667062 2.7731554132363637e-15
5982.770794667062 2.8699786567808854e-15
5984.9144577593 2.76900466536901e-15
5987.058101361209 2.7897460971151108e-15
5989.22197592242 2.7648965477922866e-15
5989.22197592242 2.6996703835714643e-15
5991.365619524329 2.777274640044327e-15
5995.692179736812 2.798117252776504e-15
5997.856054298024 2.7855705169771244e-15
5999.980675340898 2.8401944430892425e-15
6002.143945701975 2.7855705169771244e-15
6002.143945701975 2.7607581242061707e-15
6004.28819350402 2.8190767544854996e-15
6004.28819350402 2.7855705169771244e-15
6006.471110114591 2.8148190201234453e-15
6008.595126957333 2.9088157793424953e-15
6008.595126957333 2.882866404753662e-15
6010.739374759376 2.8148190201234453e-15
6012.9413139289845 2.8401944430892425e-15
6015.085561731028 2.76900466536901e-15
6017.209578573769 2.7443760168346453e-15
6017.209578573769 2.7897460971151108e-15
6019.37345313498 2.7402683078332694e-15
6021.536723496058 2.7731554132363637e-15
6028.007531510584 2.6876027310351086e-15
6028.007531510584 2.7607581242061707e-15
6030.151175112493 2.7897460971151108e-15
6030.151175112493 2.723934851339853e-15
6032.315049673705 2.7443760168346453e-15
6034.478339525109 2.7897460971151108e-15
6036.622587327152 2.7402683078332694e-15
6038.78585768823 2.8064741757923576e-15
6038.78585768823 2.857148561568606e-15
6040.92950129014 2.8232653736851876e-15
6043.092791141546 2.7855705169771244e-15
6043.092791141546 2.8232653736851876e-15
6045.256665702756 2.852909672999046e-15
6045.256665702756 2.798117252776504e-15
6049.564183865878 2.8232653736851876e-15
6051.726869517149 2.7855705169771244e-15
6053.851490560022 2.8232653736851876e-15
6053.851490560022 2.8614703241832235e-15
6056.015365121235 2.8148190201234453e-15
6058.19826224148 2.844414439212527e-15
6060.341925333717 2.793929105323083e-15
6062.485568935626 2.7402683078332694e-15
6066.812713857916 2.719893599701461e-15
6068.97600370932 2.7402683078332694e-15
6068.97600370932 2.793929105323083e-15
6071.120251511364 2.8190767544854996e-15
6071.120251511364 2.76900466536901e-15
6075.427165474352 2.8232653736851876e-15
6075.427165474352 2.7814389482683307e-15
6079.754329886968 2.827459033498771e-15
6079.754329886968 2.8785893609852524e-15
6081.89857768901 2.9001134457805154e-15
6084.04222129092 2.852909672999046e-15
6086.206095852131 2.8742808038109828e-15
6086.206095852131 2.8316985893339995e-15
6090.493402546278 2.857148561568606e-15
6094.820547468567 2.8106440699243458e-15
6096.983837319972 2.857148561568606e-15
6099.108438872519 2.8742808038109828e-15
6101.271728723924 2.9261782984983734e-15
6103.434999085002 2.827459033498771e-15
6105.578662177239 2.7731554132363637e-15
6105.578662177239 2.8316985893339995e-15
6107.742517248123 2.8871878707381134e-15
6109.905807099527 2.852909672999046e-15
6109.905807099527 2.8232653736851876e-15
6114.213325262648 2.8401944430892425e-15
6116.3766151140535 2.7402683078332694e-15
6116.3766151140535 2.7607581242061707e-15
6118.540489675264 2.857148561568606e-15
6120.684133277175 2.827459033498771e-15
6127.154941291701 2.8064741757923576e-15
6129.299189093743 2.7607581242061707e-15
6131.461855254688 2.798117252776504e-15
6133.6257298159 2.8401944430892425e-15
6135.750350858774 2.8106440699243458e-15
6135.750350858774 2.7897460971151108e-15
6137.933267469347 2.857148561568606e-15
6140.0965378304245 2.8232653736851876e-15
6144.384429234378 2.8657207720529847e-15
6146.528092326615 2.904461941279907e-15
6146.528092326615 2.8359433538891125e-15
6148.691966887825 2.798117252776504e-15
6150.87486400807 2.8190767544854996e-15
6150.87486400807 2.7814389482683307e-15
6152.998880850813 2.7607581242061707e-15
6155.162170702218 2.719893599701461e-15
6155.162170702218 2.7443760168346453e-15
6157.3260452634295 2.7855705169771244e-15
6157.3260452634295 2.8148190201234453e-15
6159.489315624507 2.7731554132363637e-15
6161.613351957574 2.7402683078332694e-15
6161.613351957574 2.8190767544854996e-15
6163.796249077821 2.882866404753662e-15
6165.940496879864 2.8022735577367117e-15
6165.940496879864 2.777274640044327e-15
6168.084744681908 2.748453644752008e-15
6170.286683851516 2.719893599701461e-15
6172.411304894389 2.748453644752008e-15
6172.411304894389 2.719893599701461e-15
6174.5751794556 2.7402683078332694e-15
6176.699196298343 2.723934851339853e-15
6178.8624666594205 2.76900466536901e-15
6181.026341220631 2.6996703835714643e-15
6183.170004312868 2.7897460971151108e-15
6183.170004312868 2.711793355786211e-15
6187.496545035025 2.76900466536901e-15
6187.496545035025 2.7897460971151108e-15
6189.640792837066 2.7525735865661625e-15
6191.78504063911 2.711793355786211e-15
6191.78504063911 2.8022735577367117e-15
6193.9679572496825 2.7280180762109453e-15
6196.111600851593 2.7814389482683307e-15
6198.236221894467 2.711793355786211e-15
6202.5824088661175 2.736166784067095e-15
6202.5824088661175 2.6876027310351086e-15
6206.870300270071 2.655694111997122e-15
6209.033570631149 2.675587902116417e-15
6211.196860482554 2.6996703835714643e-15
6211.196860482554 2.7321073850349972e-15
6213.360735043765 2.7037183302233036e-15
6217.648041737912 2.7443760168346453e-15
6217.648041737912 2.7648965477922866e-15
6219.811896808795 2.7037183302233036e-15
6221.9751866602 2.66366190520759e-15
6224.138457021278 2.6876027310351086e-15
6226.282704823321 2.736166784067095e-15
6228.426952625365 2.711793355786211e-15
6228.426952625365 2.6517541386545565e-15
6230.609869235937 2.7280180762109453e-15
6234.897156439757 2.683578912298166e-15
6237.061031000968 2.7280180762109453e-15
6241.368568654415 2.7402683078332694e-15
6241.368568654415 2.719893599701461e-15
6247.838772468807 2.695629625151056e-15
6247.838772468807 2.64382196506282e-15
6250.002647030019 2.7077344521869002e-15
6252.146290631928 2.7648965477922866e-15
6252.146290631928 2.719893599701461e-15
6254.310165193139 2.6876027310351086e-15
6256.472850844411 2.6085583985895725e-15
6258.617098646454 2.695629625151056e-15
6262.924616809576 2.76900466536901e-15
6265.0682604114845 2.715822571981747e-15
6267.23155026289 2.736166784067095e-15
6267.23155026289 2.647785063616016e-15
6269.375798064933 2.7607581242061707e-15
6269.375798064933 2.798117252776504e-15
6271.539068426011 2.6876027310351086e-15
6275.865628638494 2.711793355786211e-15
6278.009876440537 2.76900466536901e-15
6278.009876440537 2.748453644752008e-15
6280.154124242579 2.659675042834284e-15
6282.317394603657 2.632038625252056e-15
6282.317394603657 2.667619607097004e-15
6284.480684455062 2.647785063616016e-15
6288.768575859014 2.6241643641130746e-15
6293.095720781304 2.6046529232604182e-15
6297.4032584347515 2.6517541386545565e-15
6299.565924595697 2.6241643641130746e-15
6299.565924595697 2.6046529232604182e-15
6301.710172397739 2.632038625252056e-15
6303.873462249145 2.659675042834284e-15
6308.180980412265 2.616349180658398e-15
6312.507540624748 2.655694111997122e-15
6314.6517884267905 2.5546284387097807e-15
6316.796036228834 2.5737990817476214e-15
6318.959306589912 2.5508384058504967e-15
6321.122596441317 2.5776232643395973e-15
6323.266240043226 2.667619607097004e-15
6323.266240043226 2.647785063616016e-15
6325.430114604437 2.616349180658398e-15
6327.593384965516 2.5968969344447695e-15
6329.737632767557 2.632038625252056e-15
6334.024939461704 2.593044157280918e-15
6338.3717111431615 2.64382196506282e-15
6340.515374235398 2.671618414455026e-15
6340.515374235398 2.6241643641130746e-15
6344.82289239852 2.593044157280918e-15
6349.13041056164 2.6398995695463954e-15
6351.274073653876 2.562293007847193e-15
6353.417717255787 2.589198179338037e-15
6353.417717255787 2.691631493437256e-15
6355.600614376033 2.66366190520759e-15
6355.600614376033 2.6085583985895725e-15
6357.764488937244 2.6398995695463954e-15
6359.8891099801185 2.616349180658398e-15
6364.19662814324 2.5814871308043523e-15
6368.523188355723 2.655694111997122e-15
6370.666851447959 2.6202721936196503e-15
6377.1572862216535 2.655694111997122e-15
6379.2818877742 2.616349180658398e-15
6381.464804384774 2.647785063616016e-15
6383.608447986684 2.683578912298166e-15
6385.75211107892 2.7077344521869002e-15
6387.935008199167 2.6876027310351086e-15
6390.079256001209 2.723934851339853e-15
6390.079256001209 2.679598654084784e-15
6392.223503803252 2.659675042834284e-15
6394.406400923498 2.6046529232604182e-15
6396.531021966373 2.585322736394952e-15
6398.713938576946 2.64382196506282e-15
6400.857582178856 2.6202721936196503e-15
6403.020852539933 2.679598654084784e-15
6405.1651003419765 2.5814871308043523e-15
6407.308763434214 2.6007896922097397e-15
6409.4726379954245 2.5814871308043523e-15
6409.4726379954245 2.6202721936196503e-15
6411.655535115671 2.5737990817476214e-15
6415.923799760456 2.632038625252056e-15
6420.269986732106 2.5737990817476214e-15
6422.394003574847 2.53946948761937e-15
6426.721167987463 2.569946722446527e-15
6428.865415789507 2.589198179338037e-15
6431.048312909752 2.569946722446527e-15
6433.172329752494 2.655694111997122e-15
6435.316577554537 2.528116882903779e-15
6437.479867405942 2.5776232643395973e-15
6439.64313776702 2.5546284387097807e-15
6441.786800859256 2.5737990817476214e-15
6446.094319022377 2.5776232643395973e-15
6446.094319022377 2.55845787037633e-15
6450.421463944665 2.585322736394952e-15
6450.421463944665 2.543242662874687e-15
6454.748628357282 2.585322736394952e-15
6454.748628357282 2.6085583985895725e-15
6456.892271959192 2.5776232643395973e-15
6456.892271959192 2.55845787037633e-15
6467.65097137767 2.5092865322734183e-15
6469.814241738748 2.4906292085821584e-15
6471.977531590153 2.543242662874687e-15
6474.141406151364 2.569946722446527e-15
6476.266007703913 2.6124686369308904e-15
6478.428693355183 2.5546284387097807e-15
6482.755857767799 2.53946948761937e-15
6487.06337593092 2.562293007847193e-15
6489.207019532831 2.5814871308043523e-15
6491.370309384236 2.55845787037633e-15
6491.370309384236 2.5205877783093825e-15
6497.8214906395915 2.483211747805687e-15
6500.004387759839 2.5018474730144587e-15
6502.16826232105 2.5508384058504967e-15
6506.456153725002 2.5167808266437204e-15
6508.619443576407 2.53946948761937e-15
6508.619443576407 2.5167808266437204e-15
6510.783318137618 2.468444030716867e-15
6512.926961739528 2.4354865748230588e-15
6512.926961739528 2.468444030716867e-15
6515.090232100605 2.5470203787957155e-15
6517.2535219520105 2.5167808266437204e-15
6517.2535219520105 2.4758173796843635e-15
6519.397769754054 2.5205877783093825e-15
6521.521786596795 2.483211747805687e-15
6523.704683717042 2.5092865322734183e-15
6525.8489315190845 2.5737990817476214e-15
6527.993179321127 2.513047961733125e-15
6527.993179321127 2.4391373778833853e-15
6530.1760959317 2.528116882903779e-15
6532.31973953361 2.494362704309543e-15
6532.31973953361 2.524332898886865e-15
6536.627257696731 2.498068859346873e-15
6536.627257696731 2.5167808266437204e-15
6538.790547548135 2.53946948761937e-15
6538.790547548135 2.562293007847193e-15
6543.098065711257 2.53946948761937e-15
6543.098065711257 2.5055296845636266e-15
6547.404999164572 2.4869351314978148e-15
6547.404999164572 2.421001667586077e-15
6549.549246966614 2.464781827313395e-15
6551.693494768657 2.483211747805687e-15
6553.856180419929 2.4464232196281486e-15
6556.039077540176 2.468444030716867e-15
6558.163698583049 2.494362704309543e-15
6562.4908435053385 2.5205877783093825e-15
6562.4908435053385 2.5018474730144587e-15
6564.654133356744 2.5205877783093825e-15
6566.797776958652 2.450090416758047e-15
6566.797776958652 2.431906316421183e-15
6568.961651519865 2.498068859346873e-15
6568.961651519865 2.4721106412417417e-15
6571.105295121774 2.513047961733125e-15
6573.269169682986 2.5356684772589e-15
6573.269169682986 2.4906292085821584e-15
6577.576707336433 2.4464232196281486e-15
6579.739373497378 2.4610926406690466e-15
6581.883621299421 2.5092865322734183e-15
6584.046911150826 2.483211747805687e-15
6588.354429313946 2.464781827313395e-15
6588.354429313946 2.5018474730144587e-15
6592.680989526429 2.528116882903779e-15
6592.680989526429 2.5814871308043523e-15
6594.805610569304 2.5470203787957155e-15
6594.805610569304 2.483211747805687e-15
6599.152382250761 2.45740894268769e-15
6601.296045342999 2.4906292085821584e-15
6603.420646895545 2.4102114556453362e-15
6605.603563506119 2.450090416758047e-15
6607.747207108028 2.483211747805687e-15
6607.747207108028 2.464781827313395e-15
6616.362262924598 2.468444030716867e-15
6618.525533285674 2.442793686476994e-15
6620.669781087718 2.4721106412417417e-15
6622.832466738989 2.442793686476994e-15
6624.976714541033 2.5055296845636266e-15
6627.159611661278 2.453730791481536e-15
6633.591166157468 2.4354865748230588e-15
6635.774063277714 2.431906316421183e-15
6637.937937838926 2.468444030716867e-15
6640.0625588818 2.5018474730144587e-15
6640.0625588818 2.424663741070354e-15
6644.389119094282 2.4795286722272215e-15
6648.696637257404 2.435551785530142e-15
6648.696637257404 2.453730791481536e-15
6653.004174910851 2.4610926406690466e-15
6655.167445271929 2.5205877783093825e-15
6655.167445271929 2.5018474730144587e-15
6657.311088873839 2.453730791481536e-15
6659.474378725245 2.442793686476994e-15
6663.781896888365 2.4174437139068457e-15
6665.925559980601 2.435551785530142e-15
6668.089415051485 2.4795286722272215e-15
6670.25270490289 2.442793686476994e-15
6672.415975263968 2.413824371211887e-15
6678.887387478627 2.431906316421183e-15
6681.050053639572 2.464781827313395e-15
6683.194301441615 2.413824371211887e-15
6685.338549243657 2.3745043872882384e-15
6685.338549243657 2.4174437139068457e-15
6687.501839095063 2.435551785530142e-15
6689.665109456141 2.453730791481536e-15
6691.828984017352 2.431906316421183e-15
6693.953000860092 2.453730791481536e-15
6696.116290711498 2.3958778729644973e-15
6698.280165272709 2.4282663365238033e-15
6700.443435633787 2.5092865322734183e-15
6700.443435633787 2.4282663365238033e-15
6704.73132703774 2.45740894268769e-15
6706.874990129976 2.450090416758047e-15
6715.490026456218 2.468444030716867e-15
6719.816586668701 2.4282663365238033e-15
6728.43164248527 2.468444030716867e-15
6730.594912846347 2.435551785530142e-15
6730.594912846347 2.4174437139068457e-15
6732.7582026977525 2.3851671892680792e-15
6737.065720860874 2.370981553494773e-15
6741.373239023995 2.435551785530142e-15
6745.680776677442 2.4066366209136246e-15
6745.680776677442 2.442793686476994e-15
6747.843442838387 2.421001667586077e-15
6752.150980491834 2.453730791481536e-15
6754.333877612082 2.4795286722272215e-15
6756.458498654954 2.4610926406690466e-15
6758.602142256865 2.424663741070354e-15
6760.766016818076 2.3780638099249154e-15
6760.766016818076 2.399436694196024e-15
6762.948933428649 2.4174437139068457e-15
6762.948933428649 2.4464232196281486e-15
6765.073554471524 2.4721106412417417e-15
6771.543758285917 2.53946948761937e-15
6771.543758285917 2.5814871308043523e-15
6775.851276449037 2.569946722446527e-15
6775.851276449037 2.53946948761937e-15
6778.015151010248 2.483211747805687e-15
6780.17783666152 2.453730791481536e-15
6782.3220844635625 2.399436694196024e-15
6782.3220844635625 2.435551785530142e-15
6784.485354824641 2.413824371211887e-15
6790.956767039299 2.4282663365238033e-15
6793.100410641209 2.421001667586077e-15
6797.426970853692 2.3958778729644973e-15
6797.426970853692 2.442793686476994e-15
6801.695235498477 2.4282663365238033e-15
6801.695235498477 2.399436694196024e-15
6806.022380420765 2.3568492424579314e-15
6808.185670272171 2.3780638099249154e-15
6808.185670272171 2.3958778729644973e-15
6812.47414638593 2.3568492424579314e-15
6814.657062996503 2.3887425633900352e-15
6816.819748647775 2.3428011675109686e-15
6818.944369690649 2.370981553494773e-15
6821.088617492692 2.3958778729644973e-15
6823.2715146129385 2.4174437139068457e-15
6825.434804464343 2.3887425633900352e-15
6827.578448066253 2.4066366209136246e-15
6827.578448066253 2.3887425633900352e-15
6829.742322627464 2.360382199730931e-15
6829.742322627464 2.3780638099249154e-15
6829.742322627464 2.413824371211887e-15
6831.8859662293735 2.3958778729644973e-15
6834.049840790584 2.421001667586077e-15
6834.049840790584 2.399436694196024e-15
6838.356774243899 2.435551785530142e-15
6838.356774243899 2.4066366209136246e-15
6840.501022045943 2.4282663365238033e-15
6842.66429240702 2.399436694196024e-15
6842.66429240702 2.3816285360559064e-15
6844.827582258425 2.413824371211887e-15
6844.827582258425 2.464781827313395e-15
6846.9914568196355 2.4464232196281486e-15
6851.278744023456 2.468444030716867e-15
6853.461660634028 2.435551785530142e-15
6853.461660634028 2.4610926406690466e-15
6857.750156238115 2.431906316421183e-15
6859.933053358362 2.45740894268769e-15
6864.201318003145 2.399436694196024e-15
6864.201318003145 2.442793686476994e-15
6866.384234613718 2.3816285360559064e-15
6868.5475049747965 2.4610926406690466e-15
6872.835396378749 2.4282663365238033e-15
6877.1619565912315 2.4464232196281486e-15
6877.1619565912315 2.3780638099249154e-15
6879.325831152442 2.349830198132998e-15
6881.449847995184 2.413824371211887e-15
6881.449847995184 2.360382199730931e-15
6883.613137846589 2.2943967474475228e-15
6883.613137846589 2.177612824825672e-15
6885.7770124078 2.14219793547954e-15
6887.940282768879 2.203777185676989e-15
6892.247216222193 2.267156474586166e-15
6894.3718372650665 2.3393253688691716e-15
6896.535711826279 2.3887425633900352e-15
6896.535711826279 2.464781827313395e-15
6898.718608946525 2.424663741070354e-15
6900.843229989399 2.3816285360559064e-15
6900.843229989399 2.284139731381176e-15
6903.00591564067 2.315017672735785e-15
6907.33306056296 2.267156474586166e-15
6907.33306056296 2.29099276199237e-15
6909.477308365003 2.3115526470750866e-15
6911.62097145724 2.3288675010572617e-15
6911.62097145724 2.3568492424579314e-15
6915.947512179396 2.2807509633174978e-15
6915.947512179396 2.3428011675109686e-15
6918.091759981438 2.3887425633900352e-15
6920.255049832844 2.3046684715832284e-15
6920.255049832844 2.2807509633174978e-15
6924.562567995964 2.3816285360559064e-15
6924.562567995964 2.3288675010572617e-15
6926.706211597873 2.3081232089893603e-15
6926.706211597873 2.3323594575052873e-15
6928.889128208447 2.3568492424579314e-15
6935.360520932778 2.4174437139068457e-15
6935.360520932778 2.3254133473685137e-15
6937.484537775521 2.2503300748209708e-15
6939.647827626925 2.3358557041723205e-15
6939.647827626925 2.3115526470750866e-15
6941.811702188137 2.277337226693959e-15
6943.974972549215 2.2604045485401614e-15
6943.974972549215 2.321932761878701e-15
6946.099008882282 2.284139731381176e-15
6948.281906002529 2.3115526470750866e-15
6948.281906002529 2.3851671892680792e-15
6950.44578056374 2.2943967474475228e-15
6950.44578056374 2.2469618709639862e-15
6952.58942416565 2.220284769655237e-15
6954.733671967692 2.3674327633405212e-15
6954.733671967692 2.392291786712248e-15
6956.877919769735 2.421001667586077e-15
6959.060836380308 2.349830198132998e-15
6961.223502541254 2.3288675010572617e-15
6963.348123584128 2.370981553494773e-15
6965.531040194701 2.3254133473685137e-15
6969.819535798787 2.2503300748209708e-15
6969.819535798787 2.29099276199237e-15
6972.002432919033 2.315017672735785e-15
6974.146076520943 2.346313034815229e-15
6974.146076520943 2.3780638099249154e-15
6976.289739613179 2.3958778729644973e-15
6978.45361417439 2.468444030716867e-15
6980.616884535468 2.3851671892680792e-15
6982.761132337511 2.413824371211887e-15
6982.761132337511 2.3745043872882384e-15
6984.923817988783 2.435551785530142e-15
6987.087692549994 2.4282663365238033e-15
6991.375583953947 2.3958778729644973e-15
6993.519227555857 2.346313034815229e-15
6995.682517407262 2.3851671892680792e-15
6997.846391968473 2.318456416046315e-15
6997.846391968473 2.2739594715203378e-15
6999.971013011347 2.3115526470750866e-15
7002.153910131594 2.346313034815229e-15
7006.460843584908 2.287563695855083e-15
7008.605091386951 2.3254133473685137e-15
7010.768361748029 2.3851671892680792e-15
7017.239169762555 2.370981553494773e-15
7017.239169762555 2.4066366209136246e-15
7021.565729975037 2.3638892529715073e-15
7021.565729975037 2.403033458356741e-15
7025.8542255791235 2.3568492424579314e-15
7025.8542255791235 2.3745043872882384e-15
7028.016891740068 2.392291786712248e-15
7030.161139542111 2.424663741070354e-15
7030.161139542111 2.2943967474475228e-15
7032.324429393516 2.3115526470750866e-15
7032.324429393516 2.3428011675109686e-15
7036.631947556636 2.3254133473685137e-15
7036.631947556636 2.346313034815229e-15
7040.958507769119 2.4428268839401745e-15
7040.958507769119 2.403033458356741e-15
7043.102755571162 2.431906316421183e-15
7045.247003373205 2.3958778729644973e-15
7045.247003373205 2.3638892529715073e-15
7047.429900493451 2.399436694196024e-15
7049.573563585689 2.431906316421183e-15
7051.7172071875975 2.4102114556453362e-15
7053.881081748809 2.3780638099249154e-15
7056.044352109887 2.450090416758047e-15
7056.044352109887 2.424663741070354e-15
7060.351285563202 2.3745043872882384e-15
7060.351285563202 2.4391373778833853e-15
7062.495533365244 2.4102114556453362e-15
7064.658803726322 2.450090416758047e-15
7064.658803726322 2.421001667586077e-15
7068.96634137977 2.392291786712248e-15
7068.96634137977 2.4174437139068457e-15
7071.130215940981 2.3780638099249154e-15
7073.273859542891 2.349830198132998e-15
7073.273859542891 2.3887425633900352e-15
7075.4371299039685 2.421001667586077e-15
7075.4371299039685 2.3745043872882384e-15
7077.620046514542 2.3428011675109686e-15
7081.888915359459 2.3674327633405212e-15
7084.051581520404 2.315017672735785e-15
7088.359119173852 2.2807509633174978e-15
7088.359119173852 2.3674327633405212e-15
7090.503366975894 2.399436694196024e-15
7092.666637336973 2.3288675010572617e-15
7092.666637336973 2.4066366209136246e-15
7094.830511898183 2.3428011675109686e-15
7096.993197549456 2.3638892529715073e-15
7096.993197549456 2.4066366209136246e-15
7099.117818592331 2.3115526470750866e-15
7099.117818592331 2.4174437139068457e-15
7103.444963514619 2.3780638099249154e-15
7107.751896967934 2.4282663365238033e-15
7109.915771529146 2.4174437139068457e-15
7118.530223145581 2.3958778729644973e-15
7124.9819891107445 2.3816285360559064e-15
7127.164905721316 2.4174437139068457e-15
7129.327571882262 2.3533535865217462e-15
7131.471819684304 2.3358557041723205e-15
7135.779357337753 2.3958778729644973e-15
7137.9426276988315 2.349830198132998e-15
7140.106502260042 2.318456416046315e-15
7140.106502260042 2.267156474586166e-15
7142.250145861952 2.349830198132998e-15
7144.393808954188 2.301250209660278e-15
7146.557683515399 2.321932761878701e-15
7146.557683515399 2.346313034815229e-15
7148.720953876477 2.277337226693959e-15
7150.86520167852 2.3674327633405212e-15
7153.027887329792 2.3780638099249154e-15
7155.172135131835 2.3323594575052873e-15
7155.172135131835 2.29099276199237e-15
7157.316382933877 2.3358557041723205e-15
7159.518322103486 2.4102114556453362e-15
7161.642943146361 2.4610926406690466e-15
7161.642943146361 2.403033458356741e-15
7163.786586748271 2.4391373778833853e-15
7165.950461309481 2.3568492424579314e-15
7168.113731670559 2.3254133473685137e-15
7170.2579794726025 2.2402396124280405e-15
7174.5845396850855 2.3046684715832284e-15
7174.5845396850855 2.253673643151288e-15
7176.728183286995 2.220284769655237e-15
7178.892057848206 2.236916910764062e-15
7178.892057848206 2.1972140124922626e-15
7181.035720940442 2.171127543662645e-15
7183.199595501653 2.167907348348708e-15
7185.343239103564 2.2469618709639862e-15
7185.343239103564 2.267156474586166e-15
7187.486882705473 2.123116394936478e-15
7189.669799316045 2.1041476030957404e-15
7189.669799316045 2.220284769655237e-15
7191.81404711809 2.267156474586166e-15
7193.958294920132 2.2004777397323283e-15
7193.958294920132 2.236916910764062e-15
7196.1209610810765 2.220284769655237e-15
7198.265208883119 2.277337226693959e-15
7198.265208883119 2.3115526470750866e-15
7200.4284987345245 2.267156474586166e-15
7202.592373295735 2.236916910764062e-15
7204.755643656814 2.2739594715203378e-15
7206.879660499555 2.2570519079787233e-15
7209.062577110128 2.370981553494773e-15
7211.20682491217 2.3887425633900352e-15
7215.514343075292 2.483211747805687e-15
7217.657986677202 2.431906316421183e-15
7217.657986677202 2.4066366209136246e-15
7222.004173648853 2.3674327633405212e-15
7222.004173648853 2.413824371211887e-15
7224.128794691727 2.360382199730931e-15
7224.128794691727 2.318456416046315e-15
7226.272457783964 2.392291786712248e-15
7228.45535490421 2.450090416758047e-15
7228.45535490421 2.3638892529715073e-15
7232.762873067331 2.435551785530142e-15
7232.762873067331 2.3081232089893603e-15
7234.926747628542 2.2103590684531527e-15
7237.070410720778 2.236916910764062e-15
7237.070410720778 2.297804829282778e-15
7239.234285281989 2.349830198132998e-15
7241.396951442935 2.2807509633174978e-15
7243.541199244977 2.2469618709639862e-15
7245.7044890963825 2.284139731381176e-15
7245.7044890963825 2.301250209660278e-15
7247.848736898426 2.3323594575052873e-15
7252.1758818207145 2.216991664820507e-15
7254.319525422625 2.1939253106283437e-15
7256.463188514861 2.177612824825672e-15
7256.463188514861 2.3115526470750866e-15
7260.770706677981 2.284139731381176e-15
7260.770706677981 2.2136733306849168e-15
7265.117497849766 2.135789129091389e-15
7267.261141451675 2.171127543662645e-15
7269.38576249455 2.2469618709639862e-15
7269.38576249455 2.3323594575052873e-15
7271.568659614795 2.2943967474475228e-15
7271.568659614795 2.253673643151288e-15
7273.712322707033 2.3358557041723205e-15
7275.855966308944 2.2604045485401614e-15
7275.855966308944 2.3428011675109686e-15
7278.000214110985 2.2236129844422407e-15
7280.163484472064 2.1906703854043698e-15
7280.163484472064 2.321932761878701e-15
7282.327359033275 2.297804829282778e-15
7284.490044684547 2.3568492424579314e-15
7284.490044684547 2.392291786712248e-15
7288.778540288633 2.3816285360559064e-15
7288.778540288633 2.318456416046315e-15
7290.94181064971 2.2503300748209708e-15
7290.94181064971 2.164661605922759e-15
7293.105100501114 2.203777185676989e-15
7295.268975062326 2.253673643151288e-15
7295.268975062326 2.2236129844422407e-15
7299.5562622661455 2.2503300748209708e-15
7301.720136827356 2.3115526470750866e-15
7303.903053437929 2.263793850093315e-15
7303.903053437929 2.2004777397323283e-15
7308.19034064175 2.2604045485401614e-15
7310.35421520296 2.2402396124280405e-15
7312.497878295197 2.2103590684531527e-15
7312.497878295197 2.2570519079787233e-15
7314.6617528564075 2.3046684715832284e-15
7316.805396458318 2.3358557041723205e-15
7318.969271019529 2.301250209660278e-15
7318.969271019529 2.2807509633174978e-15
7321.131956670801 2.3046684715832284e-15
7323.276204472842 2.3358557041723205e-15
7325.439474833922 2.3081232089893603e-15
7327.603349395133 2.370981553494773e-15
7327.603349395133 2.321932761878701e-15
7331.890656089279 2.2943967474475228e-15
7334.05453065049 2.2402396124280405e-15
7336.217801011569 2.2604045485401614e-15
7338.362048813611 2.346313034815229e-15
7338.362048813611 2.413824371211887e-15
7342.668982266925 2.3745043872882384e-15
7347.015169238577 2.301250209660278e-15
7347.015169238577 2.2269168561883685e-15
7349.15941704062 2.29099276199237e-15
7351.28343388336 2.253673643151288e-15
7355.61057880565 2.233568783193404e-15
7357.773868657055 2.2570519079787233e-15
7357.773868657055 2.2807509633174978e-15
7359.89848969993 2.2402396124280405e-15
7362.062364261141 2.315017672735785e-15
7364.225030422086 2.2943967474475228e-15
7366.388904983297 2.2604045485401614e-15
7366.388904983297 2.2943967474475228e-15
7368.513526026172 2.3115526470750866e-15
7370.696442636745 2.253673643151288e-15
7370.696442636745 2.2136733306849168e-15
7374.983729840564 2.2570519079787233e-15
7377.166646451136 2.3115526470750866e-15
7377.166646451136 2.3428011675109686e-15
7381.455142055223 2.453730791481536e-15
7383.618412416301 2.4066366209136246e-15
7387.925345869616 2.3780638099249154e-15
7390.089220430827 2.4282663365238033e-15
7394.396738593947 2.3638892529715073e-15
7394.396738593947 2.315017672735785e-15
7396.559424245219 2.2943967474475228e-15
7396.559424245219 2.3115526470750866e-15
7400.86694240834 2.301250209660278e-15
7400.86694240834 2.270554980868038e-15
7405.155438012425 2.3254133473685137e-15
7405.155438012425 2.399436694196024e-15
7407.338354622998 2.346313034815229e-15
7409.501020783944 2.315017672735785e-15
7409.501020783944 2.3323594575052873e-15
7411.645268585986 2.424663741070354e-15
7413.789516388029 2.3887425633900352e-15
7415.952806239435 2.360382199730931e-15
7418.097054041476 2.3887425633900352e-15
7420.279951161723 2.468444030716867e-15
7422.423594763633 2.4282663365238033e-15
7424.56725785587 2.3958778729644973e-15
7424.56725785587 2.424663741070354e-15
7426.7311324170805 2.3745043872882384e-15
7428.894402778158 2.399436694196024e-15
7428.894402778158 2.315017672735785e-15
7435.325957274348 2.3115526470750866e-15
7437.489831835559 2.29099276199237e-15
7439.672728955805 2.346313034815229e-15
7439.672728955805 2.287563695855083e-15
7441.796745798547 2.236916910764062e-15
7443.9409936005895 2.263793850093315e-15
7443.9409936005895 2.3115526470750866e-15
7446.123910211163 2.370981553494773e-15
7448.287180572241 2.3887425633900352e-15
7450.411216905309 2.370981553494773e-15
7452.594114025555 2.3958778729644973e-15
7452.594114025555 2.4721106412417417e-15
7454.738361827598 2.4464232196281486e-15
7456.882609629642 2.494362704309543e-15
7459.045879990719 2.4464232196281486e-15
7461.209169842123 2.53946948761937e-15
7463.3730444033345 2.421001667586077e-15
7465.516688005246 2.4795286722272215e-15
7467.660331607154 2.399436694196024e-15
7467.660331607154 2.3638892529715073e-15
7471.98749601977 2.318456416046315e-15
7471.98749601977 2.3533535865217462e-15
7474.150766380849 2.3958778729644973e-15
7476.294409982758 2.3780638099249154e-15
7478.438657784801 2.3674327633405212e-15
7480.601947636205 2.392291786712248e-15
7487.053109401236 2.3674327633405212e-15
7489.236026011809 2.403033458356741e-15
7491.39990057302 2.3887425633900352e-15
7493.5435441749305 2.413824371211887e-15
7495.687791976974 2.5356684772589e-15
7497.8510818283785 2.5814871308043523e-15
7499.994725430288 2.6124686369308904e-15
7504.321870352577 2.671618414455026e-15
7504.321870352577 2.6007896922097397e-15
7506.46611815462 2.5661000945718868e-15
7506.46611815462 2.6241643641130746e-15
7508.628803805892 2.7443760168346453e-15
7510.773051607934 2.711793355786211e-15
7512.917299409977 2.748453644752008e-15
7515.080569771055 2.76900466536901e-15
7515.080569771055 2.7280180762109453e-15
7517.224817573098 2.691631493437256e-15
7519.3875032243695 2.7566622784664545e-15
7519.3875032243695 2.7814389482683307e-15
7521.551377785581 2.8614703241832235e-15
7523.695021387492 2.7855705169771244e-15
7523.695021387492 2.719893599701461e-15
7525.858895948702 2.7607581242061707e-15
7525.858895948702 2.8232653736851876e-15
7528.022185800107 2.9088157793424953e-15
7530.146202642848 2.948098284184608e-15
7530.146202642848 2.9969177594551845e-15
7532.329099763094 3.1623308400218157e-15
7534.492974324306 3.3567927232246103e-15
7534.492974324306 3.422573008080329e-15
7536.636637416542 3.627697313475891e-15
7538.800511977754 3.6439876258052786e-15
7540.944155579662 3.943919404540053e-15
7543.108030140873 4.155372698993257e-15
7543.108030140873 4.404357712549173e-15
7545.270715792146 4.5309646152299085e-15
7545.270715792146 4.831315115383543e-15
7547.4149635941885 5.029981364064917e-15
7549.559211396232 5.283880705827709e-15
7549.559211396232 5.387424536689916e-15
7551.72248175731 5.182329108011682e-15
7553.885771608715 4.6683231018534306e-15
7553.885771608715 4.155372698993257e-15
7556.029415210624 3.827925842027667e-15
7558.193289771835 3.720914655663357e-15
7558.193289771835 3.4482569022754672e-15
7560.336933373745 3.238735201809766e-15
7562.480596465981 3.1154811898768317e-15
7562.480596465981 3.032924970140357e-15
7564.68372454553 2.9131365151658597e-15
7566.807741388271 2.934958804924229e-15
7566.807741388271 2.8742808038109828e-15
7568.951989190314 2.8401944430892425e-15
7571.11525955139 2.8699786567808854e-15
7573.278549402796 2.9175033171900175e-15
7575.442423964007 2.9437256536777924e-15
7577.586067565917 2.9790938148377622e-15
7577.586067565917 2.8871878707381134e-15
7579.7493379269945 2.848678226599775e-15
7581.9126277784 2.8785893609852524e-15
7584.056875580443 2.8106440699243458e-15
7586.201123382485 2.76900466536901e-15
7586.201123382485 2.715822571981747e-15
7588.363789543431 2.675587902116417e-15
7590.508037345473 2.647785063616016e-15
7594.835201758089 2.6241643641130746e-15
7596.9788453599995 2.5092865322734183e-15
7599.122488961908 2.4066366209136246e-15
7601.286363523121 2.3816285360559064e-15
7601.286363523121 2.301250209660278e-15
7605.593901176568 2.392291786712248e-15
7605.593901176568 2.3568492424579314e-15
7607.757171537646 2.3046684715832284e-15
7609.920461389051 2.3358557041723205e-15
7609.920461389051 2.3533535865217462e-15
7612.045062941597 2.3323594575052873e-15
7612.045062941597 2.3115526470750866e-15
7614.227979552172 2.270554980868038e-15
7616.371623154081 2.233568783193404e-15
7616.371623154081 2.2570519079787233e-15
7618.535497715292 2.1453799711534777e-15
7620.679141317201 2.0030661872829606e-15
7620.679141317201 1.9412446088952562e-15
7624.98667897065 1.8898049295695738e-15
7624.98667897065 1.8757536690576136e-15
7629.294197133771 1.8260245479722808e-15
7629.294197133771 1.8397033127367404e-15
7631.456882785042 1.8070505337602826e-15
7633.620757346254 1.820586377804355e-15
7633.620757346254 1.8016688466882607e-15
7635.784027707331 1.831503110405264e-15
7635.784027707331 1.8757536690576136e-15
7637.9282755093745 1.8926120333801174e-15
7640.091565360779 1.9499618414132983e-15
7642.2358131628225 2.0000680781018714e-15
7644.398479323767 2.0729740042251665e-15
7646.562353884978 2.177612824825672e-15
7648.706016977214 2.207080685322172e-15
7648.706016977214 2.164661605922759e-15
7650.869891538425 2.1199097613228217e-15
7653.013535140335 2.0150231930942473e-15
7653.013535140335 1.991126847500102e-15
7655.177409701546 1.9704372474059274e-15
7655.177409701546 1.9383653737204274e-15
7657.340095352818 1.9645689949399366e-15
7659.484343154861 1.9124852684737534e-15
7659.484343154861 1.9383653737204274e-15
7661.628590956904 1.9616284803403203e-15
7663.81148807715 2.0120610319427017e-15
7665.935504919891 1.991126847500102e-15
7668.079752721935 1.9645689949399366e-15
7668.079752721935 2.0090494325257298e-15
7670.262669332507 2.03618091834264e-15
7672.406312934418 2.0060423678629854e-15
7672.406312934418 1.9851969783564175e-15
7674.530933977292 2.063734923908655e-15
7676.713831097538 2.0916333423269435e-15
7676.713831097538 2.027105821884521e-15
7678.877120948942 2.0823110707224884e-15
7681.021368750986 2.1582157984774485e-15
7683.165012352896 2.1262411625351384e-15
7685.328886914107 2.155013852172708e-15
7689.65544712659 2.116735879811341e-15
7691.8187174876675 2.0978811414883323e-15
7691.8187174876675 2.1135963576856653e-15
7693.962965289711 2.0885026411930064e-15
7696.106628381947 2.1135963576856653e-15
7696.106628381947 2.0916333423269435e-15
7698.270502943158 2.123116394936478e-15
7698.270502943158 2.2236129844422407e-15
7700.453400063405 2.1873914482594695e-15
7702.577416906146 2.277337226693959e-15
7704.72166470819 2.2943967474475228e-15
7706.904581318762 2.315017672735785e-15
7706.904581318762 2.2807509633174978e-15
7709.06785167984 2.1743821009367428e-15
7711.191868522581 2.216991664820507e-15
7713.355743083794 2.167907348348708e-15
7717.663280737241 2.151788313817256e-15
7719.826551098318 2.1873914482594695e-15
7719.826551098318 2.297804829282778e-15
7721.989840949724 2.270554980868038e-15
7721.989840949724 2.2435986782212684e-15
7724.133484551633 2.321932761878701e-15
7726.297359112844 2.2503300748209708e-15
7728.441002714753 2.270554980868038e-15
7730.604292566159 2.2503300748209708e-15
7730.604292566159 2.1841174484159805e-15
7732.768167127369 2.1582157984774485e-15
7734.91181072928 2.1906703854043698e-15
7741.382618743804 2.135789129091389e-15
7743.545889104883 2.1614803748529087e-15
7749.997655070047 2.1389906846118855e-15
7752.160944921452 2.171127543662645e-15
7754.304588523361 2.2269168561883685e-15
7756.448836325404 2.297804829282778e-15
7758.612106686482 2.2269168561883685e-15
7758.612106686482 2.1808770742152043e-15
7760.775396537887 2.233568783193404e-15
7765.063287941841 2.1614803748529087e-15
7765.063287941841 2.1262411625351384e-15
7769.390432864129 2.177612824825672e-15
7773.678343758408 2.151788313817256e-15
7775.861240878655 2.220284769655237e-15
7778.004884480564 2.167907348348708e-15
7778.004884480564 2.116735879811341e-15
7780.16817433197 2.177612824825672e-15
7784.47569249509 2.151788313817256e-15
7786.619940297132 2.203777185676989e-15
7788.78321065821 2.2236129844422407e-15
7790.946500509615 2.171127543662645e-15
7793.090748311659 2.1199097613228217e-15
7795.2540186727365 2.151788313817256e-15
7797.417308524142 2.1808770742152043e-15
7797.417308524142 2.1972140124922626e-15
7799.580578885219 2.2236129844422407e-15
7801.724826687263 2.2302550425949084e-15
7806.051386899744 2.2604045485401614e-15
7808.195634701789 2.2807509633174978e-15
7808.195634701789 2.167907348348708e-15
7812.503152864909 2.1104328113758418e-15
7812.503152864909 2.060645980385103e-15
7814.666423225986 2.1841174484159805e-15
7816.8100863182235 2.1485959033804167e-15
7816.8100863182235 2.123116394936478e-15
7818.954334120266 2.2103590684531527e-15
7821.117604481344 2.236916910764062e-15
7821.117604481344 2.2570519079787233e-15
7825.425122644466 2.203777185676989e-15
7827.568785736702 2.1743821009367428e-15
7829.713033538745 2.2004777397323283e-15
7831.895930658991 2.155013852172708e-15
7831.895930658991 2.0916333423269435e-15
7834.039574260901 2.1453799711534777e-15
7836.183822062943 2.203777185676989e-15
7838.347111914349 2.177612824825672e-15
7842.673672126832 2.2004777397323283e-15
7844.8375466880425 2.1743821009367428e-15
7846.961563530784 2.203777185676989e-15
7849.125438091995 2.2807509633174978e-15
7851.288708453072 2.3288675010572617e-15
7853.4519983044775 2.301280551852498e-15
7855.596226616194 2.2236129844422407e-15
7855.596226616194 2.1389906846118855e-15
7857.759516467599 2.1939253106283437e-15
7859.903160069509 2.155013852172708e-15
7859.903160069509 2.2004777397323283e-15
7862.06703463072 2.370981553494773e-15
7864.210697722956 2.424663741070354e-15
7864.210697722956 2.360382199730931e-15
7866.373968084034 2.3254133473685137e-15
7866.373968084034 2.2604045485401614e-15
7870.681486247155 2.3046684715832284e-15
7870.681486247155 2.3393253688691716e-15
7872.825734049198 2.318456416046315e-15
7875.008650659771 2.360382199730931e-15
7877.15229426168 2.3358557041723205e-15
7879.296542063724 2.315017672735785e-15
7879.296542063724 2.2435986782212684e-15
7883.6034755170385 2.267156474586166e-15
7885.767350078249 2.1841174484159805e-15
7887.950247198495 2.0916333423269435e-15
7887.950247198495 2.1262411625351384e-15
7890.074264041237 2.171127543662645e-15
7892.218511843279 2.151788313817256e-15
7894.401428453853 2.135789129091389e-15
7894.401428453853 2.1010259011544113e-15
7896.564698814931 2.1389906846118855e-15
7898.708361907167 2.076082268193545e-15
7902.996253311119 2.094741117084207e-15
7905.160127872332 2.129457373199818e-15
7907.323398233409 2.1041476030957404e-15
7909.467061325646 2.1972140124922626e-15
7913.774579488767 2.2435986782212684e-15
7918.101724411055 2.2302550425949084e-15
7920.245387503292 2.155013852172708e-15
7922.389615815007 2.1743821009367428e-15
7922.389615815007 2.2435986782212684e-15
7926.71617602749 2.3288675010572617e-15
7928.860423829534 2.3745043872882384e-15
7931.023713680939 2.3533535865217462e-15
7933.186984042017 2.3046684715832284e-15
7937.494502205138 2.2269168561883685e-15
7937.494502205138 2.1841174484159805e-15
7939.657792056541 2.216991664820507e-15
7941.802039858585 2.277337226693959e-15
7941.802039858585 2.318456416046315e-15
7943.945683460495 2.2943967474475228e-15
7946.108953821573 2.233568783193404e-15
7946.108953821573 2.2943967474475228e-15
7950.436118234189 2.272256588581614e-15
7952.579761836099 2.29099276199237e-15
7954.724009638141 2.2570519079787233e-15
7956.88727999922 2.2402396124280405e-15
7956.88727999922 2.2807509633174978e-15
7959.050569850624 2.297804829282778e-15
7961.194817652668 2.270554980868038e-15
7961.194817652668 2.3393253688691716e-15
7965.501751105982 2.2739594715203378e-15
7965.501751105982 2.2469618709639862e-15
7967.684648226228 2.270554980868038e-15
7976.280077283629 2.284139731381176e-15
7978.443347644707 2.2236129844422407e-15
7980.587595446749 2.253673643151288e-15
7984.895113609871 2.270554980868038e-15
7984.895113609871 2.3254133473685137e-15
7987.078030220443 2.2570519079787233e-15
7989.202047063185 2.284139731381176e-15
7993.529191985474 2.233568783193404e-15
7993.529191985474 2.155013852172708e-15
7995.672855077711 2.132621347371188e-15
7997.8367296389215 2.151788313817256e-15
8002.14364360191 2.116735879811341e-15
8004.287891403952 2.0978811414883323e-15
8006.451181255357 2.066801246849879e-15
8008.594824857266 2.1041476030957404e-15
8008.594824857266 2.132621347371188e-15
8010.7586994184785 2.1104328113758418e-15
8012.921969779556 2.0823110707224884e-15
8015.08525963096 2.0978811414883323e-15
8015.08525963096 2.1135963576856653e-15
8019.392777794082 2.0575616880776445e-15
8019.392777794082 2.0885026411930064e-15
8023.719338006564 2.0120610319427017e-15
8023.719338006564 2.0483912715849244e-15
8025.843959049439 2.1389906846118855e-15
8027.988206851482 2.1841174484159805e-15
8027.988206851482 2.1614803748529087e-15
8032.334393823133 2.1939253106283437e-15
8036.641911986254 2.2435986782212684e-15
8038.785555588163 2.270554980868038e-15
8040.948845439569 2.2402396124280405e-15
8043.1127200007795 2.216991664820507e-15
8045.256363602688 2.2739594715203378e-15
8047.400611404733 2.3428011675109686e-15
8047.400611404733 2.3115526470750866e-15
8051.7271716172145 2.3568492424579314e-15
8051.7271716172145 2.3288675010572617e-15
8053.871419419258 2.2739594715203378e-15
8056.0346897803365 2.2943967474475228e-15
8060.341623233651 2.3428011675109686e-15
8064.629514637603 2.301280551852498e-15
8066.773762439646 2.321932761878701e-15
8068.956659559892 2.3046684715832284e-15
8071.100322652128 2.2604045485401614e-15
8073.264197213341 2.3393253688691716e-15
8075.427467574418 2.2807509633174978e-15
8075.427467574418 2.236916910764062e-15
8077.571130666655 2.207080685322172e-15
8079.71535897837 2.1135963576856653e-15
8079.71535897837 2.060645980385103e-15
8081.878648829776 2.123116394936478e-15
8084.041919190853 2.069899389288893e-15
8086.205793752064 2.1104328113758418e-15
8088.329830085132 2.1906703854043698e-15
8090.493685156017 2.2302550425949084e-15
8090.493685156017 2.171127543662645e-15
8092.6766017665905 2.0854049943330014e-15
8094.820245368501 2.1104328113758418e-15
8094.820245368501 2.216991664820507e-15
8096.964493170543 2.3568492424579314e-15
8099.127783021947 2.392291786712248e-15
8099.127783021947 2.236916910764062e-15
8101.271426623858 2.253673643151288e-15
8103.435301185069 2.3323594575052873e-15
8103.435301185069 2.284139731381176e-15
8105.618198305314 2.1873914482594695e-15
8105.618198305314 2.2236129844422407e-15
8107.742234638384 2.207080685322172e-15
8112.069379560673 2.0978811414883323e-15
8114.2326694120775 2.063734923908655e-15
8114.2326694120775 2.1010259011544113e-15
8116.357270964625 2.116735879811341e-15
8118.5205608160295 2.094741117084207e-15
8120.683831177107 2.0545090730200756e-15
8122.82807897915 2.1135963576856653e-15
8124.991349340228 2.1873914482594695e-15
8124.991349340228 2.2604045485401614e-15
8127.154639191633 2.236916910764062e-15
8129.298886993676 2.203777185676989e-15
8129.298886993676 2.263793850093315e-15
8131.462157354753 2.2469618709639862e-15
8133.605820446992 2.284139731381176e-15
8135.788717567237 2.349830198132998e-15
8140.057586412154 2.3428011675109686e-15
8142.2404835324005 2.284139731381176e-15
8142.2404835324005 2.233568783193404e-15
8144.384146624638 2.14219793547954e-15
8146.528374936353 2.0729740042251665e-15
8148.691664787758 2.0885026411930064e-15
8148.691664787758 2.129457373199818e-15
8152.979556191711 2.1010259011544113e-15
8152.979556191711 2.129457373199818e-15
8155.162472802283 2.1135963576856653e-15
8157.325743163361 2.0916333423269435e-15
8161.613634567314 2.1646910235826855e-15
8163.776924418719 2.1873914482594695e-15
8165.94079897993 2.236916910764062e-15
8168.104069341009 2.1873914482594695e-15
8170.22808618375 2.2136733306849168e-15
8172.391960744961 2.1939253106283437e-15
8172.391960744961 2.14219793547954e-15
8176.718520957444 2.1614803748529087e-15
8176.718520957444 2.0916333423269435e-15
8178.843142000319 2.069899389288893e-15
8185.333576774013 2.0885026411930064e-15
8185.333576774013 2.1199097613228217e-15
8187.496847135089 2.177612824825672e-15
8189.6405102273275 2.2269168561883685e-15
8189.6405102273275 2.1841174484159805e-15
8191.804365298211 2.2469618709639862e-15
8193.948028390449 2.2136733306849168e-15
8196.09227619249 2.177612824825672e-15
8196.09227619249 2.207080685322172e-15
8198.275173312737 2.2503300748209708e-15
8200.418836404973 2.2302550425949084e-15
8202.58210676605 2.277337226693959e-15
8204.745981327262 2.3393253688691716e-15
8204.745981327262 2.370981553494773e-15
8206.889624929172 2.2978360563535033e-15
8209.033872731216 2.236916910764062e-15
8209.033872731216 2.2570519079787233e-15
8211.216789341788 2.2943967474475228e-15
8213.360432943697 2.3288675010572617e-15
8215.485053986573 2.2807509633174978e-15
8217.687577865987 2.3046998230333984e-15
8224.099505603008 2.2807509633174978e-15
8226.282402723255 2.236916910764062e-15
8228.426650525296 2.284139731381176e-15
8228.426650525296 2.346313034815229e-15
8230.589940376702 2.263793850093315e-15
8234.877831780655 2.2469618709639862e-15
8243.51191015626 2.2943967474475228e-15
8243.51191015626 2.321932761878701e-15
8247.858097127908 2.267156474586166e-15
8247.858097127908 2.2136733306849168e-15
8250.002344929952 2.1582157984774485e-15
8252.126965972828 2.1972140124922626e-15
8254.309863093073 2.2435986782212684e-15
8256.453526185309 2.2302550425949084e-15
8258.616796546388 2.177612824825672e-15
8260.76104434843 2.1389906846118855e-15
8265.068562511551 2.1485959033804167e-15
8267.231852362955 2.2103590684531527e-15
8267.231852362955 2.2503300748209708e-15
8269.395122724034 2.207080685322172e-15
8271.539370526076 2.155013852172708e-15
8271.539370526076 2.123116394936478e-15
8273.702640887157 2.0885026411930064e-15
8275.846303979393 2.1262411625351384e-15
8277.990551781435 2.155013852172708e-15
8280.173448901682 2.135789129091389e-15
8282.31709250359 2.0916333423269435e-15
8284.480382354996 2.1389906846118855e-15
8286.624630157039 2.0916333423269435e-15
8288.787900518117 2.1135963576856653e-15
8293.115064930731 2.135789129091389e-15
8295.258708532641 2.094741117084207e-15
8297.383329575518 2.1808770742152043e-15
8301.709889787999 2.1389906846118855e-15
8303.873744858884 2.1073017562948093e-15
8305.997781191953 2.1199097613228217e-15
8308.161655753163 2.1582157984774485e-15
8310.34455287341 2.1906703854043698e-15
8310.34455287341 2.2103590684531527e-15
8314.632444277362 2.1873914482594695e-15
8316.795734128766 2.203777185676989e-15
8318.959004489843 2.2503300748209708e-15
8321.103252291889 2.284139731381176e-15
8323.266542143292 2.301280551852498e-15
8325.410185745204 2.277337226693959e-15
8325.410185745204 2.253673643151288e-15
8331.880993759729 2.29099276199237e-15
8334.02524156177 2.263793850093315e-15
8334.02524156177 2.2469618709639862e-15
8336.18851192285 2.2978360563535033e-15
8338.351782283928 2.263793850093315e-15
8338.351782283928 2.2236129844422407e-15
8340.476403326802 2.2402396124280405e-15
8342.659319937375 2.1972140124922626e-15
8344.822590298452 2.1743821009367428e-15
8344.822590298452 2.236916910764062e-15
8349.130108461573 2.1711570491944015e-15
8351.27377155381 2.2103590684531527e-15
8353.43764611502 2.2469618709639862e-15
8355.600916476098 2.203777185676989e-15
8357.744579568336 2.129457373199818e-15
8357.744579568336 2.0978811414883323e-15
8359.90843463922 2.123116394936478e-15
8362.071724490626 2.0823110707224884e-15
8362.071724490626 2.0575616880776445e-15
8364.215368092535 2.129457373199818e-15
8364.215368092535 2.0823110707224884e-15
8366.379242653747 2.0545090730200756e-15
8368.522905745984 2.123116394936478e-15
8368.522905745984 2.0978811414883323e-15
8370.667134057698 2.0483912715849244e-15
8374.99369427018 2.0575616880776445e-15
8377.118315313055 2.0916333423269435e-15
8377.118315313055 2.1073017562948093e-15
8379.28160516446 2.0483912715849244e-15
8381.44487552554 2.0331608745544643e-15
8381.44487552554 2.129457373199818e-15
8385.75239368866 2.1906703854043698e-15
8387.8966414907 2.1453799711534777e-15
8387.8966414907 2.066801246849879e-15
8390.059931342108 2.0331608745544643e-15
8394.366845305096 1.98225252670223e-15
8396.51109310714 1.9354632964082744e-15
8398.69400971771 1.9645689949399366e-15
8400.83765331962 2.027105821884521e-15