4077.5910497807267 2.0060423678629854e-15
4079.735005227866 2.0210421544299705e-15
4081.878941184679 1.98225252670223e-15
4084.0425233909873 2.0090494325257298e-15
4086.205793752065 1.9674871528013556e-15
4088.349749199205 2.0120610319427017e-15
4090.493685156018 2.094741117084207e-15
4094.8012228094653 2.045324465957733e-15
4099.127783021948 2.0791660951966474e-15
4101.272011333664 2.0483912715849244e-15
4103.435301185069 2.116735879811341e-15
4103.435301185069 2.066801246849879e-15
4107.74281934819 2.0331608745544643e-15
4109.9061091995945 2.0060423678629854e-15
4112.049752801505 1.9383653737204274e-15
4116.357270964625 1.901110879473909e-15
4120.684123532011 1.9354632964082744e-15
4122.8280789791515 1.878565430496262e-15
4124.991349340229 1.952859118897711e-15
4127.135597142272 1.9096478899583242e-15
4129.298886993677 1.8813566263079855e-15
4131.442822950489 1.9792847425255765e-15
4135.769695008203 1.9239530518943267e-15
4142.220856773233 1.9616284803403203e-15
4144.384438979541 1.98225252670223e-15
4150.855246994067 1.9557864616806114e-15
4152.99918295088 1.9268108791011242e-15
4155.182099561453 1.991126847500102e-15
4157.306701114 1.9239530518943267e-15
4159.4699909654055 1.867368181438082e-15
4161.633261326483 1.9124852684737534e-15
4165.940798979931 2.0210421544299705e-15
4168.08444258184 2.069899389288893e-15
4170.2480247881485 2.018071145175087e-15
4172.391960744962 2.060645980385103e-15
4176.69949839841 2.0331608745544643e-15
4178.843142000319 2.094741117084207e-15
4181.026039120565 1.9674871528013556e-15
4185.333576774013 2.018071145175087e-15
4187.477512730826 1.9210733301575778e-15
4189.641094937134 1.8841768120272423e-15
4191.804384788538 1.9153520907108996e-15
4193.948320745351 1.8954498585421717e-15
4193.948320745351 1.9616284803403203e-15
4196.111902951659 1.8954498585421717e-15
4200.419128759877 1.8590201808317773e-15
4204.726354568094 1.9039606514613926e-15
4206.8899367744025 1.9354632964082744e-15
4209.0338727312155 1.8757536690576136e-15
4213.341390894337 1.9325663464437946e-15
4215.504680745741 1.9557864616806114e-15
4217.66795110682 1.9325663464437946e-15
4219.812198908862 1.9645689949399366e-15
4221.975488760267 1.901110879473909e-15
4224.119132362177 1.9239530518943267e-15
4226.282714568485 1.8813566263079855e-15
4228.426650525297 1.8287617899609567e-15
4230.5899403767025 1.867368181438082e-15
4232.753503092684 1.8070505337602826e-15
4234.897458539824 1.8342243804382012e-15
4237.060728900901 1.850734675694852e-15
4239.224311107209 1.8813566263079855e-15
4241.368266554349 1.8287617899609567e-15
4243.531536915428 1.8926120333801174e-15
4247.81942831938 1.815165138199618e-15
4249.983010525688 1.8562629001311097e-15
4254.290236333905 1.878565430496262e-15
4256.434484135949 1.8342243804382012e-15
4258.5977544970265 1.9210733301575778e-15
4260.761044348431 1.8729460908746362e-15
4265.068562511552 1.8954498585421717e-15
4267.231852362957 1.82331620607423e-15
4269.376080674672 1.8729460908746362e-15
4277.990551781435 1.8369739141158092e-15
4282.317404348822 1.7963032113875695e-15
4284.461340305634 1.7829713940767113e-15
4286.624630157039 1.7989959005850194e-15
4288.768877959082 1.8124475135263835e-15
4290.93214832016 1.788297206663101e-15
4297.402956334686 1.767065634919535e-15
4299.566226695763 1.8070505337602826e-15
4303.873764349211 1.7963032113875695e-15
4306.017700306024 1.82331620607423e-15
4310.324926114242 1.7750006861966437e-15
4314.632444277363 1.7305329209397235e-15
4316.815360887936 1.7150949384718466e-15
4318.93998193081 1.7331041448241496e-15
4325.410770455009 1.7591660331493503e-15
4327.554433547246 1.7253563899276616e-15
4329.718015753554 1.777661442544953e-15
4336.18851192285 1.8397033127367404e-15
4340.49603008597 1.867368181438082e-15
4342.659319937375 1.8342243804382012e-15
4344.803567739418 1.820586377804355e-15
4346.966838100496 1.8645985190638862e-15
4349.110793547636 1.886976319833729e-15
4351.274356263617 1.8451978140630507e-15
4353.437646115021 1.8954498585421717e-15
4355.581582071834 1.831503110405264e-15
4357.7451642781425 1.77234393631613e-15
4362.052390086361 1.777661442544953e-15
4364.215972292668 1.7487042324943044e-15
4366.359615894578 1.7305329209397235e-15
4368.523198100886 1.7487042324943044e-15
4372.830423909103 1.7357020975412852e-15
4374.974671711147 1.7909535557394283e-15
4377.137942072224 1.753927687588554e-15
4379.3012319236295 1.7803027139601216e-15
4379.3012319236295 1.8124475135263835e-15
4383.60875008675 1.8342243804382012e-15
4385.752705533891 1.8479645452754502e-15
4387.916268249871 1.8070505337602826e-15
4390.059931342108 1.777661442544953e-15
4392.223201703186 1.7909535557394283e-15
4394.386783909494 1.7176665904987096e-15
4398.694009717711 1.756556855151991e-15
4400.857572433692 1.7963032113875695e-15
4403.001527880832 1.7487042324943044e-15
4405.145483327972 1.767065634919535e-15
4411.616271852171 1.804369579064687e-15
4413.779854058479 1.7460868185275238e-15
4415.923497660388 1.7331041448241496e-15
4418.067745462432 1.7591660331493503e-15
4422.394305674914 1.67463515088029e-15
4424.557887881222 1.647377907799318e-15
4426.701823838035 1.7176665904987096e-15
4431.009361491483 1.6597184067283514e-15
4441.787395314226 1.5941654740499526e-15
4443.950958030207 1.6400133656004046e-15
4446.094621122444 1.702343410782225e-15
4450.42147368983 1.672150648710983e-15
4454.728699498048 1.7074276697840009e-15
4459.036217661169 1.756556855151991e-15
4461.199488022246 1.720241378842877e-15
4465.507025675694 1.7829713940767113e-15
4467.650961632507 1.7279427053085867e-15
4471.97783369022 1.720241378842877e-15
4471.97783369022 1.753927687588554e-15
4474.121769647033 1.7099878253352931e-15
4476.285351853341 1.7357020975412852e-15
4478.448622214419 1.647377907799318e-15
4480.592577661559 1.67463515088029e-15
4482.756159867867 1.692195830740428e-15
4484.880469065511 1.6796595045981811e-15
4489.187694873728 1.6897089450589462e-15
4491.351277080036 1.6621837415314615e-15
4493.495213036849 1.6771454575767645e-15
4495.658502888255 1.7048952296253497e-15
4497.822085094563 1.6522986967839564e-15
4499.985647810544 1.712527853113351e-15
4504.292581263859 1.635106943107863e-15
4506.456163470166 1.7357020975412852e-15
4508.600099426979 1.7989959005850194e-15
4510.763389278384 1.817886101747557e-15
4512.907637080427 1.7099878253352931e-15
4517.214862888644 1.6871569052774985e-15
4519.378425604626 1.6254050135856026e-15
4521.522088696862 1.587017891099717e-15
4525.849233619151 1.6157167134477893e-15
4528.012523470556 1.6572335134270004e-15
4530.15645942737 1.6897089450589462e-15
4534.463685235587 1.815165138199618e-15
4536.60793303763 1.7909535557394283e-15
4538.771203398708 1.7618030293060262e-15
4540.934493250113 1.6597184067283514e-15
4549.549529576354 1.6181387004001366e-15
4553.856774874899 1.5658707308075666e-15
4560.317759764677 1.5300663241394943e-15
4564.634789207315 1.5495999245250552e-15
4566.778744654455 1.5289312030046508e-15
4568.942326860763 1.5542286464492166e-15
4571.085970462673 1.501794298756947e-15
4573.249552668981 1.5152917180618953e-15
4575.413115384962 1.4995458459002154e-15
4577.556778477198 1.45762544655087e-15
4579.72034119318 1.533497565709737e-15
4581.883923399488 1.5565584617388237e-15
4584.027567001397 1.461978825105928e-15
4586.191149207705 1.5752601188993482e-15
4588.335104654845 1.561207969114276e-15
4592.642622817966 1.587017891099717e-15
4594.805893179044 1.5682179766167632e-15
4596.969183030448 1.5917793695849352e-15
4599.113430832492 1.5357760554089573e-15
4601.276701193569 1.488416504739952e-15
4603.420656640709 1.6157167134477893e-15
4605.5842193566905 1.5266421213814241e-15
4607.727882448928 1.561207969114276e-15
4614.198690463452 1.5380781891924171e-15
4616.361960824531 1.561207969114276e-15
4618.525543030839 1.6671487561811355e-15
4620.669478987651 1.6302594865547532e-15
4622.832768839056 1.6897089450589462e-15
4624.977016641099 1.7383039211748148e-15
4631.447805165298 1.6597184067283514e-15
4633.591468257535 1.6205422729809934e-15
4635.755030973515 1.635106943107863e-15
4637.918613179823 1.5289312030046508e-15
4640.081903031229 1.5635482465277755e-15
4642.206504583777 1.5357760554089573e-15
4644.369794435181 1.5062796133761253e-15
4648.677312598302 1.5040250541289595e-15
4657.311390973906 1.5062796133761253e-15
4657.311390973906 1.470745864285243e-15
4659.455346421046 1.5357760554089573e-15
4661.599282377859 1.4641709491245345e-15
4663.762572229263 1.5040250541289595e-15
4665.926154435571 1.4817626136295756e-15
4670.233380243789 1.4598104322929756e-15
4672.396650604867 1.4751384484970987e-15
4676.7041687679875 1.495080582714671e-15
4678.848124215127 1.5062796133761253e-15
4681.0117064214355 1.4729505175803243e-15
4683.155350023345 1.4861887025752128e-15
4689.6261580378705 1.5312022673557165e-15
4691.789720753852 1.4928421814835303e-15
4696.09694656207 1.4554629017230675e-15
4698.260528768378 1.421108626734677e-15
4700.424110974686 1.519817324064231e-15
4704.731336782904 1.488416504739952e-15
4706.875272739717 1.5040250541289595e-15
4709.038562591121 1.4839642148687677e-15
4711.182810393164 1.501794298756947e-15
4713.346080754242 1.4839642148687677e-15
4717.653598917363 1.5312022673557165e-15
4719.7972620096 1.4751384484970987e-15
4721.980159129846 1.4861887025752128e-15
4724.124406931889 1.4403197582744746e-15
4728.431340385203 1.45762544655087e-15
4730.5755881872465 1.4253535396009432e-15
4732.719231789156 1.488416504739952e-15
4734.882813995464 1.4598104322929756e-15
4737.046396201772 1.4424788027281496e-15
4739.190039803681 1.5062796133761253e-15
4741.3536220099895 1.5565584617388237e-15
4743.517184725971 1.5152917180618953e-15
4747.824410534188 1.448956308483013e-15
4749.968365981328 1.470745864285243e-15
4749.968365981328 1.4995458459002154e-15
4756.439173995854 1.5588917484234799e-15
4760.746692158975 1.5473009256225084e-15
4762.909962520052 1.60610735892778e-15
4767.2175001735 1.6522986967839564e-15
4769.380770534579 1.6821551635186786e-15
4771.524725981718 1.815165138199618e-15
4773.688288697699 1.8729460908746362e-15
4775.831951789936 1.886976319833729e-15
4777.995533996244 1.8070505337602826e-15
4782.302759804462 1.6205422729809934e-15
4784.466030165539 1.5542286464492166e-15
4788.773548328661 1.501794298756947e-15
4790.9175037758005 1.4773503043517729e-15
4793.081085982109 1.488416504739952e-15
4795.224729584018 1.5426724951953498e-15
4797.388311790326 1.4906077551432337e-15
4803.859100314525 1.4839642148687677e-15
4806.022682520832 1.5243778205946429e-15
4808.185972372237 1.4973013857837138e-15
4810.32990832905 1.4381834705705101e-15
4814.637134137268 1.4554629017230675e-15
4816.800716343576 1.4795447507752918e-15
4818.944652300389 1.4511282991562475e-15
4821.107942151793 1.4685438964506232e-15
4823.252189953837 1.4795447507752918e-15
4825.4154603149145 1.45762544655087e-15
4829.722978478036 1.423238873633669e-15
4834.03022377658 1.444641687973469e-15
4836.174159733393 1.3752236719323331e-15
4838.3374495847975 1.4168763367231064e-15
4842.644967747919 1.3793315244561652e-15
4842.644967747919 1.4253535396009432e-15
4844.808238108996 1.412656670216129e-15
4849.115775762444 1.4338808618988937e-15
4851.2594193643545 1.45762544655087e-15
4853.423001570662 1.4190002585542484e-15
4855.586564286643 1.45762544655087e-15
4857.730227378879 1.4817626136295756e-15
4866.364598109387 1.4554629017230675e-15
4868.508553556526 1.4021537352227753e-15
4870.671823917604 1.429610553410332e-15
4872.816071719647 1.3876023725763472e-15
4874.9793420807255 1.373165273731267e-15
4877.14263193213 1.414755613014341e-15
4879.2868797341725 1.3938145117605599e-15
4883.6134399466555 1.3548498555416664e-15
4885.757668258371 1.3855066359869884e-15
4887.920958109777 1.3407712032588839e-15
4890.0649135569165 1.3876023725763472e-15
4892.228476272898 1.3979968943868149e-15
4896.5354097262125 1.3588963004302123e-15
4898.698991932521 1.3467919871821186e-15
4900.842927889333 1.371128053198602e-15
4903.006217740738 1.381399165972397e-15
4905.169780456719 1.367045185285391e-15
4907.313735903859 1.3896640893884411e-15
4909.477006264937 1.3609338601867653e-15
4911.640588471244 1.3834698882481068e-15
4913.784543918385 1.423238873633669e-15
4915.947814279462 1.4468072305404096e-15
4920.25535193291 1.4685438964506232e-15
4922.399287889723 1.488416504739952e-15
4924.543243336862 1.513023057170662e-15
4928.8507614999835 1.4795447507752918e-15
4931.014031861062 1.4906280124397633e-15
4933.177321712466 1.4554629017230675e-15
4933.177321712466 1.4381834705705101e-15
4935.321569514509 1.3793315244561652e-15
4937.465213116418 1.404236485157187e-15
4939.628795322727 1.3772851371204503e-15
4943.936021130945 1.3508149130352266e-15
4946.099603337253 1.3609338601867653e-15
4948.263166053234 1.408431000207604e-15
4954.733681712856 1.3959038446838722e-15
4956.877617669669 1.3793315244561652e-15
4959.021573116809 1.3938145117605599e-15
4961.204470237055 1.3834698882481068e-15
4963.328798925027 1.3959038446838722e-15
4967.655943847316 1.3508149130352266e-15
4969.81923369872 1.4554629017230675e-15
4971.963169655533 1.408431000207604e-15
4974.1267518618415 1.45762544655087e-15
4976.290041713246 1.421108626734677e-15
4978.433977670059 1.448956308483013e-15
4982.7412034782765 1.4995458459002154e-15
4984.88545128032 1.4773503043517729e-15
4987.068367890893 1.45762544655087e-15
4989.212011492802 1.4751384484970987e-15
4991.37559369911 1.5040250541289595e-15
4993.519529655923 1.470745864285243e-15
4995.6828195073285 1.4598104322929756e-15
4997.827047819044 1.4168763367231064e-15
5002.134293117589 1.4906280124397633e-15
5004.29785583357 1.453304153651561e-15
5006.461145684974 1.4817626136295756e-15
5010.768371493193 1.4641709491245345e-15
5012.931934209174 1.4973013857837138e-15
5017.239160017391 1.4995458459002154e-15
5021.527070911671 1.5289312030046508e-15
5023.6906336276525 1.4928421814835303e-15
5025.834296719889 1.5243778205946429e-15
5027.9981712811 1.6037033801672196e-15
5030.141814883009 1.5635482465277755e-15
5032.324731493583 1.6375586593307142e-15
5034.44933304613 1.6997947002775373e-15
5036.612622897535 1.77234393631613e-15
5038.775893258613 1.901110879473909e-15
5040.920141060656 2.069899389288893e-15
5043.083411421734 2.2136733306849168e-15
5045.246701273139 2.1906703854043698e-15
5047.390949075182 2.0545090730200756e-15
5049.554219436259 1.9296999827836513e-15
5051.698467238302 1.7487042324943044e-15
5053.861737599381 1.6972735583598446e-15
5058.168671052696 1.644912156379314e-15
5060.332545613906 1.6821551635186786e-15
5062.476208706143 1.6157167134477893e-15
5066.802749428299 1.5823130212485027e-15
5068.946997230341 1.60610735892778e-15
5075.417805244867 1.4973013857837138e-15
5077.581075605945 1.461978825105928e-15
5079.725323407989 1.5062796133761253e-15
5081.8886132593925 1.4685438964506232e-15
5086.196131422515 1.4598104322929756e-15
5088.359421273919 1.427490149639453e-15
5092.66693943704 1.423238873633669e-15
5094.8105830389495 1.495080582714671e-15
5096.97445760016 1.4817626136295756e-15
5101.281391053475 1.448956308483013e-15
5103.444661414553 1.423238873633669e-15
5107.752199068001 1.3938145117605599e-15
5109.896427379717 1.427490149639453e-15
5112.059717231123 1.453304153651561e-15
5114.222987592199 1.3959038446838722e-15
5116.367235394243 1.3834698882481068e-15
5120.674168847558 1.421108626734677e-15
5127.144976862082 1.3772851371204503e-15
5129.289224664125 1.46636576638753e-15
5131.4524950252035 1.423238873633669e-15
5133.596138627113 1.3649984757895034e-15
5135.760013188325 1.4168763367231064e-15
5137.903676280562 1.3548498555416664e-15
5140.067550841773 1.367045185285391e-15
5144.3941110542555 1.3487930674175258e-15
5146.518712606803 1.3052430475443933e-15
5150.845272819286 1.3548498555416664e-15
5153.009147380497 1.3347773350282006e-15
5155.152790982406 1.3228698827325846e-15
5157.316080833811 1.3568807986180168e-15
5165.931117160053 1.3347773350282006e-15
5168.094407011458 1.299408006623923e-15
5170.238050613368 1.3427810240736114e-15
5172.401925174579 1.3209077971275017e-15
5174.565215025984 1.3609338601867653e-15
5178.872128988972 1.3387643725962386e-15
5181.016376791014 1.3588963004302123e-15
5183.179666642419 1.3487930674175258e-15
5185.34354120363 1.3649984757895034e-15
5189.650455166618 1.4063414406557844e-15
5193.957992820066 1.4381834705705101e-15
5196.102240622109 1.4063414406557844e-15
5198.265510983187 1.3834698882481068e-15
5200.428800834592 1.408431000207604e-15
5202.572444436501 1.3649984757895034e-15
5204.736318997712 1.3752236719323331e-15
5206.899589358791 1.3308027102367708e-15
5209.024210401664 1.3629739048961199e-15
5209.024210401664 1.4021537352227753e-15
5219.821578628673 1.4021722038237659e-15
5221.965222230583 1.3690757852106828e-15
5224.109470032626 1.3917472195960023e-15
5226.272740393704 1.3528214046208868e-15
5228.436614954915 1.404236485157187e-15
5230.59990480632 1.4253535396009432e-15
5232.744152608362 1.4105614315449093e-15
5239.214356422755 1.3834698882481068e-15
5241.358604224798 1.444641687973469e-15
5243.521874585876 1.45762544655087e-15
5247.829392748998 1.444641687973469e-15
5249.973055841234 1.4839642148687677e-15
5252.136930402445 1.427490149639453e-15
5256.463490614928 1.4063414406557844e-15
5258.607134216838 1.4381834705705101e-15
5260.771008778049 1.4021722038237659e-15
5262.934279139126 1.3876023725763472e-15
5265.078526941169 1.404236485157187e-15
5269.385460394484 1.3752236719323331e-15
5271.548730755561 1.4021722038237659e-15
5273.692978557605 1.373165273731267e-15
5275.856268409009 1.3288102621644465e-15
5277.999912010919 1.429610553410332e-15
5280.163786572131 1.4000734886717391e-15
5284.4903467846125 1.3690757852106828e-15
5286.634594586656 1.404236485157187e-15
5293.105383110855 1.4190002585542484e-15
5295.249046203091 1.381399165972397e-15
5297.412920764303 1.4063414406557844e-15
5299.556564366212 1.3189481055029436e-15
5301.720438927423 1.3690757852106828e-15
5303.864082529333 1.381399165972397e-15
5303.864082529333 1.4105614315449093e-15
5306.00774562157 1.3752236719323331e-15
5310.33489054386 1.4190002585542484e-15
5314.641823997174 1.412656670216129e-15
5316.805698558384 1.4381834705705101e-15
5323.256860323415 1.3793315244561652e-15
5325.42015017482 1.3629739048961199e-15
5327.564397976863 1.3979968943868149e-15
5329.7276683379405 1.3367787302641314e-15
5331.890958189346 1.3690757852106828e-15
5334.034601791255 1.2706390424301482e-15
5336.198476352467 1.316991836692656e-15
5338.342119954377 1.3071818469808419e-15
5344.813532169035 1.2744345133461394e-15
5346.97619832998 1.2859059878801343e-15
5349.120446132023 1.3209077971275017e-15
5353.42798378547 1.2935990510387584e-15
5355.591254146549 1.3447761447702942e-15
5357.734897748458 1.3959038446838722e-15
5359.89877230967 1.3467919871821186e-15
5362.062062161074 1.4000734886717391e-15
5364.206309963118 1.3467919871821186e-15
5366.389207083363 1.373165273731267e-15
5370.67651377751 1.3938145117605599e-15
5372.840388338721 1.408431000207604e-15
5377.147906501842 1.3834698882481068e-15
5379.310592153113 1.367045185285391e-15
5381.454839955157 1.3308027102367708e-15
5383.618110316234 1.3467919871821186e-15
5385.762358118277 1.3209077971275017e-15
5392.2331661328035 1.3288102621644465e-15
5394.376809734713 1.301355823859398e-15
5398.68434738816 1.283980758177013e-15
5398.68434738816 1.3130696409447141e-15
5403.010888110317 1.2859059878801343e-15
5405.155135912359 1.3407712032588839e-15
5407.318425763764 1.3308027102367708e-15
5409.462673565807 1.315020616099909e-15
5411.625943926884 1.3248534236660307e-15
5413.769587528794 1.3508149130352266e-15
5415.933462090006 1.3609338601867653e-15
5418.09675194141 1.3091418649197047e-15
5424.567559955936 1.3288102621644465e-15
5426.711203557847 1.3071818469808419e-15
5428.875078119057 1.3248534236660307e-15
5431.018721720967 1.3629739048961199e-15
5433.182596282179 1.3752236719323331e-15
5435.326239884087 1.3347773350282006e-15
5437.489529735492 1.2859059878801343e-15
5439.633777537536 1.211395887639044e-15
5441.7970478986135 1.2462179591103792e-15
5443.960337750018 1.2314556807824673e-15
5450.431126274217 1.2555533710501254e-15
5452.57537407626 1.2168191702810475e-15
5456.882911729708 1.2222833264053835e-15
5459.045577890653 1.251814131212071e-15
5461.209452451863 1.2259505035646075e-15
5463.353115544101 1.2388235077201335e-15
5467.660633707221 1.218659747865849e-15
5469.824508268432 1.1863350932534503e-15
5471.987193919704 1.2332853929035966e-15
5474.131441721746 1.25369112954935e-15
5478.458586644036 1.235117306913206e-15
5480.582603486778 1.2687539292566964e-15
5482.745893338182 1.198791617149054e-15
5484.890141140225 1.263082011594198e-15
5487.053411501303 1.2388235077201335e-15
5489.19707459354 1.2059803869868385e-15
5491.360929664424 1.2462179591103792e-15
5493.524219515829 1.2296124872793728e-15
5495.6684673178725 1.197013564895986e-15
5497.831737678949 1.211395887639044e-15
5499.975985480993 1.1310225689162133e-15
5502.138671132264 1.160085334830217e-15
5504.302545693476 1.1792799313063524e-15
5508.610063856597 1.1583642229035674e-15
5510.773353708001 1.2150303995676262e-15
5515.080267670989 1.1722662361425235e-15
5519.387805324437 1.2095822127925907e-15
5521.532053126479 1.177530342122099e-15
5523.7149502467255 1.2077717586196437e-15
5525.838967089467 1.197013564895986e-15
5528.02188370004 1.1845755165636637e-15
5530.146504742916 1.1687750545582848e-15
5536.636939516609 1.1549144435632063e-15
5538.780583118519 1.2077717586196437e-15
5540.9444576797305 1.1845755165636637e-15
5543.08810128164 1.1687750545582848e-15
5545.251975842851 1.2296124872793728e-15
5547.39561944476 1.1687750545582848e-15
5553.886054218454 1.1952376659504093e-15
5556.02971731069 1.1863350932534503e-15
5560.356258032847 1.2369692696556107e-15
5562.500505834889 1.2204699535092567e-15
5564.663795686294 1.2059803869868385e-15
5566.7884167291695 1.2259505035646075e-15
5568.95229129038 1.1549144435632063e-15
5571.09593489229 1.2095822127925907e-15
5573.259205253367 1.248086566421013e-15
5575.403453055412 1.2725437520591905e-15
5577.566742906815 1.2462179591103792e-15
5579.730013267894 1.2574354500304946e-15
5579.730013267894 1.218659747865849e-15
5584.037531431015 1.198791617149054e-15
5586.2008212824185 1.3308027102367708e-15
5588.345069084462 1.2916798570896586e-15
5590.5083394455405 1.248086566421013e-15
5592.65198304745 1.3268213522261662e-15
5594.815272898855 1.3071818469808419e-15
5596.959520700897 1.3467919871821186e-15
5599.1227910619755 1.3649984757895034e-15
5601.266454154213 1.3407712032588839e-15
5603.430309225097 1.412656670216129e-15
5607.737846878545 1.4554629017230675e-15
5609.901117239622 1.488416504739952e-15
5612.064407091027 1.519817324064231e-15
5614.2282816522375 1.5565584617388237e-15
5616.371925254149 1.6846538257327275e-15
5618.535195615225 1.712527853113351e-15
5620.679443417269 1.8590201808317773e-15
5622.842733268674 2.0575616880776445e-15
5624.986981070717 2.3745043872882384e-15
5627.149647231661 2.683578912298166e-15
5629.293895033704 2.9088157793424953e-15
5631.476811644277 3.010375532281396e-15
5633.62105944632 2.7077344521869002e-15
5635.764703048229 2.3254133473685137e-15
5637.92857760944 2.0331608745544643e-15
5640.091263260712 1.815165138199618e-15
5642.235511062755 1.6871569052774985e-15
5644.3987814238335 1.6498249121064992e-15
5646.543029225877 1.5799654889327337e-15
5648.706319077282 1.5682179766167632e-15
5650.849962679192 1.4751384484970987e-15
5652.994210481234 1.4468072305404096e-15
5657.301143934548 1.3959038446838722e-15
5661.628288856838 1.3427810240736114e-15
5663.772536658881 1.3209077971275017e-15
5665.935807019958 1.3071818469808419e-15
5668.099096871363 1.3268213522261662e-15
5670.2427404732725 1.2725437520591905e-15
5670.2427404732725 1.2462179591103792e-15
5674.550258636395 1.259303763214939e-15
5674.550258636395 1.2955381781128967e-15
5676.714133197605 1.213211774394314e-15
5678.857796289842 1.2763448952261383e-15
5681.0216708510525 1.2499404659963975e-15
5683.184337011998 1.2668548921335875e-15
5685.32858481404 1.251814131212071e-15
5689.655749226657 1.2314556807824673e-15
5691.799392828566 1.198791617149054e-15
5693.963267389777 1.2801573925719466e-15
5696.106910991688 1.235117306913206e-15
5700.414448645135 1.25369112954935e-15
5702.577719006214 1.2314556807824673e-15
5704.741008857618 1.263082011594198e-15
5706.884652459527 1.2369692696556107e-15
5709.048527020739 1.2277720360251648e-15
5713.335833714885 1.1881134137885726e-15
5715.5187308351315 1.198791617149054e-15
5717.662978637174 1.1881134137885726e-15
5719.826248998252 1.197013564895986e-15
5721.9901235594625 1.1618243225631424e-15
5724.133786651699 1.2332853929035966e-15
5726.2976612129105 1.1757678460369935e-15
5730.604575175898 1.1916785706107287e-15
5732.748822977941 1.2388066556715087e-15
5734.912112829346 1.181047676128558e-15
5737.075383190425 1.3130696409447141e-15
5739.219026792334 1.2897465224534069e-15
5741.363274594377 1.2706390424301482e-15
5743.50752239642 1.259303763214939e-15
5745.670812247824 1.1722662361425235e-15
5747.8340826089025 1.109284848391574e-15
5749.977726210812 1.1293445899836147e-15
5754.304890623428 1.156630429764933e-15
5760.7756986379545 1.1209327981872668e-15
5762.919342239864 1.1310225689162133e-15
5765.0635900419065 1.1497514411243076e-15
5767.226860402985 1.1293445899836147e-15
5769.370523495221 1.1757678460369935e-15
5771.553420615468 1.2168191702810475e-15
5773.69766841751 1.2005891123330617e-15
5775.860938778588 1.2259505035646075e-15
5780.168476432035 1.283980758177013e-15
5782.332350993247 1.3248534236660307e-15
5784.475994595157 1.3508149130352266e-15
5786.619638197067 1.3917472195960023e-15
5788.7835127582775 1.5380781891924171e-15
5790.927175850515 1.5823130212485027e-15
5795.253716572671 1.519817324064231e-15
5797.417591133882 1.423238873633669e-15
5799.561254226118 1.2897465224534069e-15
5801.725128787329 1.2649587145098338e-15
5803.868772389238 1.235117306913206e-15
5806.03264695045 1.2259505035646075e-15
5808.17629055236 1.2059803869868385e-15
5810.339580403765 1.2406636480090597e-15
5812.483828205808 1.1361014686443658e-15
5814.647098566886 1.1845755165636637e-15
5816.810388418291 1.1446119985541668e-15
5818.974243489175 1.1757678460369935e-15
5821.117906581411 1.1652789059194204e-15
5823.28117694249 1.1898948978336686e-15
5825.415309264881 1.0977583803855025e-15
5827.569068346442 1.1109481351080962e-15
5829.732358197846 1.1276542170502141e-15
5831.87660599989 1.0912443594160952e-15
5834.039876360966 1.1159368747701024e-15
5836.18412416301 1.134415939374354e-15
5838.346809814281 1.0815241448916962e-15
5840.491057616325 1.1076395529158998e-15
5842.654327977403 1.0945039682350419e-15
5844.818202538614 1.1126134503241419e-15
5846.96186563085 1.0896110285987972e-15
5849.125740192061 1.0655014608732272e-15
5851.288406353007 1.0912443594160952e-15
5853.432654155049 1.1159368747701024e-15
5855.595944006454 1.1446119985541668e-15
5855.595944006454 1.1076395529158998e-15
5859.903462169575 1.0544156122077746e-15
5859.903462169575 1.084739962668792e-15
5862.047105771484 1.109284848391574e-15
5866.3742701841 1.04345886249481e-15
5868.518517986144 1.0544156122077746e-15
5870.681788347222 1.045023025153548e-15
5872.845078198627 1.0655014608732272e-15
5874.988721800537 1.0750776857925375e-15
5881.460114524868 1.0465757191991434e-15
5883.62280017614 1.0702715906357158e-15
5887.93031833926 1.0295411019776798e-15
5890.074566141303 1.0638922027444583e-15
5892.237855992708 1.021886158334923e-15
5894.401730553919 1.0977583803855025e-15
5896.54537415583 1.0670841641346663e-15
5898.708644516907 1.0750776857925375e-15
5900.852892318951 1.0961301810106932e-15
5903.016182170355 1.0815241448916962e-15
5905.160429972398 1.1043408391170285e-15
5907.323096133343 1.071861365015802e-15
5909.486970694554 1.1109481351080962e-15
5911.63063378679 1.0994039241121814e-15
5915.938151949911 1.1497514411243076e-15
5920.245670113032 1.1209327981872668e-15
5922.408959964437 1.134415939374354e-15
5926.716478127559 1.1126134503241419e-15
5928.879767978963 1.1026878911326366e-15
5931.004369531511 1.0497157265034504e-15
5933.187286142083 1.114266119024064e-15
5935.330929743994 1.148030539252218e-15
5937.4948043052045 1.0280001261228906e-15
5939.638447907114 1.0512754071468562e-15
5941.801737758518 1.1209327981872668e-15
5943.945985560562 1.084739962668792e-15
5946.1092559216395 1.1327179910665975e-15
5948.272545773045 1.0798906726594333e-15
5950.436420334256 1.1361014686443658e-15
5950.436420334256 1.0686696510180815e-15
5952.560437176998 1.0994039241121814e-15
5954.743334297244 1.0481445540793217e-15
5956.887582099287 1.1109481351080962e-15
5959.0508719506915 1.1361014686443658e-15
5961.195119752734 1.1531701423824145e-15
5963.357785913679 1.1242958966323927e-15
5967.6653235671265 1.151475404362512e-15
5969.829198128338 1.1293445899836147e-15
5971.992468489416 1.1583642229035674e-15
5974.116485332157 1.1209327981872668e-15
5976.299401942731 1.1898948978336686e-15
5978.443649744773 1.1412031753643083e-15
5980.587897546817 1.1327179910665975e-15
5982.770794667062 1.109284848391574e-15
5984.9144577593 1.1327179910665975e-15
5987.058101361209 1.151475404362512e-15
5989.22197592242 1.1412031753643083e-15
5993.52949408554 1.134415939374354e-15
5997.856054298024 1.109284848391574e-15
6002.143945701975 1.1412031753643083e-15
6004.28819350402 1.160085334830217e-15
6006.471110114591 1.148030539252218e-15
6008.595126957333 1.1618243225631424e-15
6010.739374759376 1.181047676128558e-15
6012.9413139289845 1.1549144435632063e-15
6015.085561731028 1.1026878911326366e-15
6017.209578573769 1.1109481351080962e-15
6019.37345313498 1.0977583803855025e-15
6021.536723496058 1.057564769029074e-15
6023.700013347463 1.109284848391574e-15
6025.863887908674 1.0928657438172574e-15
6030.151175112493 1.0863660064018343e-15
6032.315049673705 1.1109481351080962e-15
6034.478339525109 1.0798906726594333e-15
6036.622587327152 1.0928657438172574e-15
6038.78585768823 1.1126134503241419e-15
6040.92950129014 1.0798906726594333e-15
6040.92950129014 1.0994039241121814e-15
6045.256665702756 1.117594495145218e-15
6047.400309304666 1.0994039241121814e-15
6049.564183865878 1.1109481351080962e-15
6051.726869517149 1.1310225689162133e-15
6053.851490560022 1.1192697732786593e-15
6056.015365121235 1.0977583803855025e-15
6058.19826224148 1.1076395529158998e-15
6060.341925333717 1.1276542170502141e-15
6062.485568935626 1.1010523951480199e-15
6064.649443496839 1.151475404362512e-15
6066.812713857916 1.1026878911326366e-15
6073.264499313407 1.1394950528158356e-15
6077.591040035562 1.114266119024064e-15
6079.754329886968 1.1242958966323927e-15
6081.89857768901 1.0961301810106932e-15
6084.04222129092 1.117594495145218e-15
6086.206095852131 1.1361014686443658e-15
6088.389012462705 1.1722662361425235e-15
6090.513029305445 1.142898311053736e-15
6092.637650348321 1.2005891123330617e-15
6094.820547468567 1.1722662361425235e-15
6096.983837319972 1.1583642229035674e-15
6099.108438872519 1.1740234832545842e-15
6101.271728723924 1.1934486821202096e-15
6103.434999085002 1.1259663894174052e-15
6105.578662177239 1.134415939374354e-15
6107.742517248123 1.1687750545582848e-15
6109.905807099527 1.1378045041521978e-15
6112.0500549015715 1.1209327981872668e-15
6120.684133277175 1.0944890794038465e-15
6122.827776879084 1.1463277914917112e-15
6125.010693489657 1.1126134503241419e-15
6127.154941291701 1.1446119985541668e-15
6129.299189093743 1.1159368747701024e-15
6131.461855254688 1.1242958966323927e-15
6131.461855254688 1.0977583803855025e-15
6135.750350858774 1.0879801278028675e-15
6135.750350858774 1.114266119024064e-15
6137.933267469347 1.0977583803855025e-15
6140.0965378304245 1.1226130804488677e-15
6142.240785632467 1.134415939374354e-15
6144.384429234378 1.181047676128558e-15
6146.528092326615 1.1293445899836147e-15
6148.691966887825 1.142898311053736e-15
6150.87486400807 1.117594495145218e-15
6152.998880850813 1.1076395529158998e-15
6155.162170702218 1.0994039241121814e-15
6157.3260452634295 1.0655014608732272e-15
6159.489315624507 1.0896110285987972e-15
6161.613351957574 1.0670841641346663e-15
6163.796249077821 1.0831163673718324e-15
6165.940496879864 1.0295411019776798e-15
6168.084744681908 1.1109481351080962e-15
6170.286683851516 1.0863660064018343e-15
6172.411304894389 1.0234179693302004e-15
6174.5751794556 1.0372392927232993e-15
6176.718823057511 1.057564769029074e-15
6178.882093418588 1.0481445540793217e-15
6181.026341220631 1.0372392927232993e-15
6183.170004312868 1.0815241448916962e-15
6185.333878874079 1.0097675162859716e-15
6187.496545035025 1.0544156122077746e-15
6189.640792837066 1.0403512882490144e-15
6191.78504063911 1.0037487648562025e-15
6193.9679572496825 1.021886158334923e-15
6196.111600851593 1.0418970550939385e-15
6200.438161064076 1.0127699719823549e-15
6204.726656668161 1.04345886249481e-15
6206.870300270071 1.0357004361720639e-15
6209.033570631149 1.0670841641346663e-15
6211.196860482554 1.0341502412727346e-15
6213.360735043765 9.555169509904722e-16
6215.5043786456745 9.713267899305133e-16
6217.648041737912 1.0022463939377936e-15
6221.9751866602 9.713267899305133e-16
6224.138457021278 9.873978029890749e-16
6226.282704823321 9.218987681242815e-16
6226.282704823321 9.540863723686903e-16
6228.426952625365 9.698857216981764e-16
6230.609869235937 9.583707333977552e-16
6234.897156439757 9.771511303534922e-16
6237.061031000968 1.0082561367416696e-15
6241.368568654415 9.94807913763768e-16
6250.002647030019 1.0173316792471908e-15
6252.146290631928 1.0341502412727346e-15
6254.310165193139 9.815257124134824e-16
6256.472850844411 1.0158089779669556e-15
6260.7613464484975 1.0372392927232993e-15
6262.924616809576 9.992615430105692e-16
6265.087906660981 1.0734685381174307e-15
6267.23155026289 1.0295550933978371e-15
6271.539068426011 1.0097675162859716e-15
6275.865628638494 1.0295550933978371e-15
6278.009876440537 9.815257124134824e-16
6282.317394603657 1.0372392927232993e-15
6284.480684455062 9.727695923545276e-16
6288.768575859014 9.815257124134824e-16
6290.931846220094 9.612464913060376e-16
6293.095720781304 9.177774536712748e-16
6295.25901063271 9.470053266217568e-16
6297.4032584347515 9.815257124134824e-16
6299.565924595697 9.512453605278778e-16
6301.710172397739 9.205314168133486e-16
6303.873462249145 9.655498833384697e-16
6308.180980412265 9.427721686402144e-16
6310.324624014174 9.742277774422523e-16
6312.507540624748 9.329755395230612e-16
6314.6517884267905 9.13674575732979e-16
6316.796036228834 9.742277774422523e-16
6321.122596441317 9.918317368751696e-16
6321.122596441317 9.655498833384697e-16
6323.266240043226 9.399644542048655e-16
6325.430114604437 9.498340852656021e-16
6327.593384965516 9.41360671221702e-16
6336.188814022917 9.068938257430588e-16
6338.3717111431615 9.698857216981764e-16
6340.515374235398 9.246525195747936e-16
6342.679248796609 9.669972591066488e-16
6346.9861627595965 9.844575854083796e-16
6349.149452611002 9.123194101523153e-16
6351.293700413045 9.669972591066488e-16
6353.417717255787 9.829970362223364e-16
6355.600614376033 9.526712807153453e-16
6357.764488937244 9.26038589496102e-16
6359.8891099801185 9.082532750789679e-16
6362.052399831523 9.399644542048655e-16
6364.19662814324 9.26038589496102e-16
6366.35931379451 9.371651015568169e-16
6368.523188355723 9.698857216981764e-16
6370.666851447959 9.56949287221684e-16
6372.83072600917 9.028395903317432e-16
6374.993996370249 9.357623777683032e-16
6377.1572862216535 9.873978029890749e-16
6379.2818877742 9.992615430105692e-16
6381.464804384774 9.56949287221684e-16
6385.75211107892 1.0067470057832365e-15
6387.935008199167 1.0173316792471908e-15
6390.079256001209 9.873978029890749e-16
6392.223503803252 9.641177891168406e-16
6394.406400923498 9.399644542048655e-16
6396.531021966373 9.612464913060376e-16
6398.713938576946 8.97470019276375e-16
6400.857582178856 8.723808768741399e-16
6403.020852539933 9.246525195747936e-16
6405.1651003419765 8.6202351686152745e-16
6407.308763434214 8.815408800643384e-16
6407.308763434214 9.205314168133486e-16
6411.655535115671 9.109658857428745e-16
6411.655535115671 9.540863723686903e-16
6413.779551958412 8.868147879014335e-16
6415.923799760456 9.371651015568169e-16
6418.106716371028 8.762864275822441e-16
6420.269986732106 8.947972213170835e-16
6422.394003574847 9.068938257430588e-16
6424.57692018542 8.607332746136052e-16
6426.721167987463 8.723808768741399e-16
6428.865415789507 9.232810839264154e-16
6431.048312909752 9.41360671221702e-16
6433.191976001989 9.526712807153453e-16
6435.3356196038985 9.191535898815765e-16
6437.499494165109 9.301970008927491e-16
6439.64313776702 9.001508009986444e-16
6441.786800859256 9.205314168133486e-16
6443.95065593014 9.526712807153453e-16
6446.094319022377 9.756885565409987e-16
6448.258193583589 9.288047067719066e-16
6450.421463944665 9.626743335124575e-16
6452.565711746709 9.301970008927491e-16
6454.748628357282 9.800699229971307e-16
6456.892271959192 8.762864275822441e-16
6459.035915561102 9.385575404197879e-16
6463.363079973718 9.800699229971307e-16
6465.50732777576 8.854994728096665e-16
6467.65097137767 8.988034913600651e-16
6469.814241738748 9.246525195747936e-16
6476.266007703913 9.526712807153453e-16
6478.428693355183 8.684809303282662e-16
6480.592567916396 8.961267100308372e-16
6482.755857767799 8.710747677243086e-16
6484.919128128877 8.868147879014335e-16
6487.06337593092 9.123194101523153e-16
6489.207019532831 8.49252371295453e-16
6491.370309384236 8.97470019276375e-16
6493.553206504481 8.467235268296229e-16
6495.677827547356 8.556257439401151e-16
6497.8214906395915 8.454673209998901e-16
6500.004387759839 8.518007120936614e-16
6502.16826232105 8.762864275822441e-16
6502.16826232105 9.1641621505396e-16
6504.292883363925 8.775999840619307e-16
6506.456153725002 8.671806600912337e-16
6508.619443576407 8.934579126444149e-16
6510.783318137618 8.723808768741399e-16
6512.926961739528 8.802214250094801e-16
6515.090232100605 8.607332746136052e-16
6519.397769754054 9.150445599955823e-16
6521.521786596795 8.723808768741399e-16
6523.704683717042 9.015001424252844e-16
6525.8489315190845 8.6202351686152745e-16
6530.1760959317 8.723808768741399e-16
6532.31973953361 8.230638643536668e-16
6534.4633831355195 8.429493833627096e-16
6536.627257696731 9.205314168133486e-16
6538.790547548135 8.145004319555997e-16
6540.915168591011 8.49252371295453e-16
6543.098065711257 8.41687690513268e-16
6545.261355562662 8.710747677243086e-16
6547.404999164572 8.07245291758422e-16
6549.549246966614 8.556257439401151e-16
6551.693494768657 8.429493833627096e-16
6553.856180419929 8.894637419872323e-16
6556.039077540176 8.530659712679438e-16
6560.327573144261 8.684809303282662e-16
6562.4908435053385 8.41687690513268e-16
6566.797776958652 8.366707842363375e-16
6568.961651519865 8.645984300177381e-16
6571.105295121774 8.193843987518952e-16
6573.269169682986 8.479927684156633e-16
6577.576707336433 8.267486283638117e-16
6581.883621299421 8.391813603010574e-16
6584.046911150826 8.048411963322635e-16
6586.210785712037 8.594562838094601e-16
6590.5183038751575 8.894637419872323e-16
6592.680989526429 8.27987938679848e-16
6592.680989526429 9.357623777683032e-16
6596.969485130516 8.41687690513268e-16
6596.969485130516 8.292181622359502e-16
6599.152382250761 8.815408800643384e-16
6601.296045342999 8.157102855391401e-16
6603.420646895545 8.467235268296229e-16
6607.766833867197 8.41687690513268e-16
6609.8908702002645 8.907970633298593e-16
6612.054725271149 9.343617661490186e-16
6614.198388363386 8.391813603010574e-16
6618.525533285674 7.929280002787784e-16
6620.669781087718 8.518007120936614e-16
6622.832466738989 8.710747677243086e-16
6624.976714541033 8.854994728096665e-16
6627.159611661278 8.429493833627096e-16
6629.3229015126835 8.230638643536668e-16
6631.447522555558 8.49252371295453e-16
6633.591166157468 7.976720955107515e-16
6635.774063277714 8.467235268296229e-16
6637.937937838926 8.379249567253802e-16
6642.245475492373 8.32941797833064e-16
6644.389119094282 8.789035771662286e-16
6646.552993655493 8.49252371295453e-16
6648.696637257404 8.710747677243086e-16
6650.859927108808 8.868147879014335e-16
6653.004174910851 8.594562838094601e-16
6657.311088873839 9.096023885189426e-16
6659.474378725245 9.028395903317432e-16
6661.638253286455 8.505257594519746e-16
6663.781896888365 8.193843987518952e-16
6665.925559980601 8.505257594519746e-16
6668.089415051485 8.27987938679848e-16
6670.25270490289 8.556257439401151e-16
6672.415975263968 8.429493833627096e-16
6674.560223066011 8.108592378047183e-16
6676.704470868054 8.242864491274326e-16
6678.887387478627 8.341903918159235e-16
6681.050053639572 8.841740807595752e-16
6683.194301441615 8.58181546585599e-16
6685.338549243657 8.518007120936614e-16
6687.501839095063 8.58181546585599e-16
6687.501839095063 8.267486283638117e-16
6689.665109456141 8.543450776222625e-16
6691.828984017352 8.710747677243086e-16
6696.116290711498 8.49252371295453e-16
6698.280165272709 8.97470019276375e-16
6700.443435633787 8.479927684156633e-16
6702.58768343583 8.645984300177381e-16
6704.73132703774 8.3542983096997625e-16
6706.874990129976 7.976720955107515e-16
6709.038864691187 8.828503150884825e-16
6711.202135052266 8.157102855391401e-16
6713.345778654175 8.404393074946376e-16
6715.490026456218 8.934579126444149e-16
6717.672943066791 8.2552240281726e-16
6719.816586668701 8.3542983096997625e-16
6724.124104831822 8.218319353520154e-16
6728.43164248527 8.41687690513268e-16
6730.594912846347 8.181468474043526e-16
6732.7582026977525 8.442018480094775e-16
6734.922077258963 8.530659712679438e-16
6739.190341903748 8.267486283638117e-16
6741.373239023995 8.518007120936614e-16
6743.536528875399 8.242864491274326e-16
6745.680776677442 8.454673209998901e-16
6749.98769064043 8.292181622359502e-16
6752.150980491834 8.684809303282662e-16
6754.333877612082 8.132809801141888e-16
6756.458498654954 8.242864491274326e-16
6758.602142256865 7.776886128163463e-16
6760.766016818076 8.2059068738513e-16
6762.948933428649 8.292181622359502e-16
6765.073554471524 9.001508009986444e-16
6767.236824832602 9.800699229971307e-16
6769.400114684007 9.205314168133486e-16
6771.543758285917 1.0249525053119193e-15
6773.707632847128 9.756885565409987e-16
6775.851276449037 9.082532750789679e-16
6778.015151010248 8.775999840619307e-16
6778.015151010248 9.028395903317432e-16
6782.3220844635625 9.13674575732979e-16
6782.3220844635625 8.58181546585599e-16
6784.485354824641 8.454673209998901e-16
6786.649229385852 8.012431834381022e-16
6788.792892478088 8.710747677243086e-16
6790.956767039299 8.366707842363375e-16
6799.590845414903 8.181468474043526e-16
6801.715466457777 8.454673209998901e-16
6806.022380420765 8.366707842363375e-16
6808.185670272171 8.120747186936223e-16
6810.329918074212 8.530659712679438e-16
6812.47414638593 8.391813603010574e-16
6814.657062996503 7.893725173491206e-16
6816.819748647775 8.505257594519746e-16
6818.944369690649 7.823412139182369e-16
6821.088617492692 8.036365314442991e-16
6823.2715146129385 7.730531646469676e-16
6825.434804464343 8.341903918159235e-16
6827.578448066253 7.917304071628441e-16
6829.742322627464 8.723808768741399e-16
6831.8859662293735 8.815408800643384e-16
6834.049840790584 8.181468474043526e-16
6842.66429240702 8.391813603010574e-16
6844.827582258425 8.07245291758422e-16
6846.9914568196355 8.292181622359502e-16
6849.135100421547 7.952857025744635e-16
6851.278744023456 8.193843987518952e-16
6853.461660634028 7.988569631749301e-16
6857.750156238115 7.776886128163463e-16
6859.933053358362 8.230638643536668e-16
6862.07669696027 8.379249567253802e-16
6864.201318003145 8.569083415456652e-16
6866.384234613718 7.8702196831387e-16
6868.5475049747965 8.00054452611362e-16
6868.5475049747965 8.230638643536668e-16
6872.835396378749 7.893725173491206e-16
6872.835396378749 7.952857025744635e-16
6874.998686230153 8.27987938679848e-16
6877.1619565912315 8.145004319555997e-16
6879.325831152442 8.802214250094801e-16
6881.449847995184 8.671806600912337e-16
6883.613137846589 8.479927684156633e-16
6885.7770124078 8.27987938679848e-16
6887.940282768879 8.404393074946376e-16
6890.103572620284 7.941061425342716e-16
6892.247216222193 8.27987938679848e-16
6894.391464024235 7.55937419334864e-16
6898.718608946525 8.230638643536668e-16
6900.843229989399 7.952857025744635e-16
6903.00591564067 8.907970633298593e-16
6905.169790201882 8.988034913600651e-16
6907.33306056296 8.230638643536668e-16
6909.477308365003 7.369997826662654e-16
6911.62097145724 7.55937419334864e-16
6913.7848460184505 8.132809801141888e-16
6915.947512179396 7.661669149913071e-16
6920.255049832844 7.893725173491206e-16
6922.418924394055 7.788437863658959e-16
6892.247216222193 8.242864491274326e-16
6894.391464024235 8.169330381658963e-16
6896.535711826279 7.765245891929266e-16
6900.843229989399 7.414190344262389e-16
6903.00591564067 8.467235268296229e-16
6905.169790201882 8.193843987518952e-16
6907.33306056296 8.684809303282662e-16
6909.477308365003 8.543450776222625e-16
6911.62097145724 8.0844436860444055e-16
6913.7848460184505 8.181468474043526e-16
6915.947512179396 8.108592378047183e-16
6920.255049832844 8.3542983096997625e-16
6922.418924394055 8.230638643536668e-16
6924.562567995964 7.941061425342716e-16
6926.706211597873 8.404393074946376e-16
6928.889128208447 7.823412139182369e-16
6931.0333760104895 8.096562405224331e-16
6933.177623812533 7.988569631749301e-16
6935.360520932778 7.695972693624711e-16
6941.811702188137 8.157102855391401e-16
6946.099008882282 7.811702264052845e-16
6948.281906002529 7.929280002787784e-16
6952.58942416565 8.036365314442991e-16
6954.733671967692 8.218319353520154e-16
6956.877919769735 7.988569631749301e-16
6967.675287996744 7.788437863658959e-16
6969.819535798787 8.267486283638117e-16
6972.002432919033 7.447382837491763e-16
6974.146076520943 7.988569631749301e-16
6976.289739613179 7.695972693624711e-16
6980.616884535468 7.753619939344826e-16
6982.761132337511 8.00054452611362e-16
6984.923817988783 7.858436566140351e-16
6987.087692549994 8.132809801141888e-16
6989.231336151904 7.525682663608007e-16
6991.395210713115 8.00054452611362e-16
6993.519227555857 8.49252371295453e-16
6995.682517407262 7.788437863658959e-16
6999.971013011347 8.27987938679848e-16
7002.153910131594 8.07245291758422e-16
7004.316595782866 8.556257439401151e-16
7008.605091386951 8.6202351686152745e-16
7010.768361748029 8.41687690513268e-16
7012.931651599434 8.292181622359502e-16
7015.095526160645 7.881910162052298e-16
7019.382813364464 7.788437863658959e-16
7021.565729975037 7.707508984135445e-16
7023.70997777708 7.988569631749301e-16
7025.8542255791235 8.292181622359502e-16
7028.016891740068 7.858436566140351e-16
7030.161139542111 8.120747186936223e-16
7032.324429393516 8.036365314442991e-16
7034.507326513762 8.32941797833064e-16
7038.775591158546 8.07245291758422e-16
7043.102755571162 7.964778494273072e-16
7045.247003373205 7.753619939344826e-16
7047.429900493451 7.952857025744635e-16
7049.573563585689 7.800010021217065e-16
7051.7172071875975 7.952857025744635e-16
7058.1885999119295 7.776886128163463e-16
7060.351285563202 8.096562405224331e-16
7064.658803726322 8.32941797833064e-16
7066.822678287534 8.024442606565234e-16
7071.130215940981 7.765245891929266e-16
7073.273859542891 8.07245291758422e-16
7075.4371299039685 7.893725173491206e-16
7081.888915359459 8.2059068738513e-16
7084.051581520404 8.267486283638117e-16
7086.215456081616 8.391813603010574e-16
7090.503366975894 8.060476561555372e-16
7092.666637336973 8.292181622359502e-16
7094.830511898183 8.108592378047183e-16
7099.117818592331 7.941061425342716e-16
7101.281693153542 7.661669149913071e-16
7103.444963514619 7.823412139182369e-16
7105.608253366025 7.707508984135445e-16
7107.751896967934 8.048411963322635e-16
7114.223289692265 8.267486283638117e-16
7118.530223145581 7.846781009248255e-16
7120.674470947624 7.776886128163463e-16
7122.857368067869 7.941061425342716e-16
7124.9819891107445 7.616001424232051e-16
7127.164905721316 7.753619939344826e-16
7129.327571882262 7.53696368875651e-16
7131.471819684304 7.846781009248255e-16
7133.616067486348 7.503269970469536e-16
7135.779357337753 7.673052849393389e-16
7140.106502260042 7.414190344262389e-16
7142.250145861952 7.917304071628441e-16
7144.393808954188 7.800010021217065e-16
7146.557683515399 7.627417940459816e-16
7148.720953876477 8.00054452611362e-16
7150.86520167852 8.060476561555372e-16
7153.027887329792 7.881910162052298e-16
7159.518322103486 7.858436566140351e-16
7161.642943146361 7.929280002787784e-16
7163.786586748271 8.230638643536668e-16
7168.113731670559 7.917304071628441e-16
7172.420665123875 8.169330381658963e-16
7176.728183286995 8.404393074946376e-16
7178.892057848206 8.27987938679848e-16
7181.016678891081 8.391813603010574e-16
7183.199595501653 8.267486283638117e-16
7185.343239103564 8.108592378047183e-16
7187.486882705473 8.292181622359502e-16
7189.669799316045 7.917304071628441e-16
7191.81404711809 8.27987938679848e-16
7193.958294920132 8.120747186936223e-16
7198.265208883119 8.181468474043526e-16
7202.592373295735 7.893725173491206e-16
7204.755643656814 7.952857025744635e-16
7206.879660499555 7.718957667277591e-16
7209.062577110128 7.929280002787784e-16
7213.370095273249 8.108592378047183e-16
7217.657986677202 7.74201463180458e-16
7219.821276528606 8.479927684156633e-16
7222.004173648853 8.012431834381022e-16
7226.272457783964 7.823412139182369e-16
7228.45535490421 8.32941797833064e-16
7232.762873067331 7.846781009248255e-16
7237.070410720778 8.242864491274326e-16
7239.234285281989 7.800010021217065e-16
7241.396951442935 7.941061425342716e-16
7243.541199244977 8.00054452611362e-16
7245.7044890963825 8.193843987518952e-16
7247.848736898426 8.048411963322635e-16
7250.012007259504 8.2552240281726e-16
7254.319525422625 8.07245291758422e-16
7258.646085635108 8.479927684156633e-16
7262.934581239193 8.193843987518952e-16
7265.117497849766 8.32941797833064e-16
7267.261141451675 8.569083415456652e-16
7269.366135735381 8.048411963322635e-16
7271.549032855629 8.145004319555997e-16
7273.712322707033 8.391813603010574e-16
7278.000214110985 7.988569631749301e-16
7280.163484472064 8.181468474043526e-16
7282.327359033275 8.096562405224331e-16
7284.490044684547 8.024442606565234e-16
7286.634292486589 8.193843987518952e-16
7290.94181064971 7.941061425342716e-16
7293.105100501114 8.0844436860444055e-16
7297.412618664236 8.193843987518952e-16
7301.720136827356 7.929280002787784e-16
7303.903053437929 8.2059068738513e-16
7306.027674480804 7.941061425342716e-16
7308.19034064175 8.2059068738513e-16
7310.35421520296 7.881910162052298e-16
7312.497878295197 8.32941797833064e-16
7318.969271019529 8.2552240281726e-16
7321.131956670801 8.341903918159235e-16
7323.276204472842 8.594562838094601e-16
7325.439474833922 8.467235268296229e-16
7327.603349395133 8.894637419872323e-16
7329.747012487369 8.633039725733908e-16
7331.890656089279 8.505257594519746e-16
7336.217801011569 8.854994728096665e-16
7340.544965424185 8.292181622359502e-16
7342.668982266925 8.2059068738513e-16
7344.813230068969 8.108592378047183e-16
7349.15941704062 8.157102855391401e-16
7351.303664842662 8.07245291758422e-16
7357.773868657055 7.964778494273072e-16
7359.89848969993 8.120747186936223e-16
7364.225030422086 7.800010021217065e-16
7366.388904983297 8.036365314442991e-16
7368.513526026172 7.893725173491206e-16
7370.696442636745 7.964778494273072e-16
7377.166646451136 8.193843987518952e-16
7379.31089425318 7.976720955107515e-16
7381.455142055223 8.169330381658963e-16
7385.762056018211 8.32941797833064e-16
7387.925345869616 7.976720955107515e-16
7390.089220430827 8.267486283638117e-16
7392.252490791905 8.193843987518952e-16
7396.559424245219 8.304611744254443e-16
7398.7036720472615 8.49252371295453e-16
7400.86694240834 8.0844436860444055e-16
7405.155438012425 8.193843987518952e-16
7409.501020783944 8.048411963322635e-16
7411.645268585986 8.292181622359502e-16
7415.952806239435 7.811702264052845e-16
7418.097054041476 8.048411963322635e-16
7420.279951161723 8.366707842363375e-16
7422.423594763633 8.530659712679438e-16
7424.56725785587 8.012431834381022e-16
7426.7311324170805 8.2059068738513e-16
7428.894402778158 8.292181622359502e-16
7431.038650580201 8.404393074946376e-16
7433.201336231474 8.2552240281726e-16
7437.489831835559 8.132809801141888e-16
7439.672728955805 7.988569631749301e-16
7443.9409936005895 8.060476561555372e-16
7446.123910211163 7.800010021217065e-16
7448.287180572241 8.108592378047183e-16
7450.411216905309 7.964778494273072e-16
7452.594114025555 8.169330381658963e-16
7456.882609629642 7.929280002787784e-16
7459.045879990719 8.32941797833064e-16
7463.3730444033345 8.2059068738513e-16
7465.516688005246 8.697709779268887e-16
7467.660331607154 8.789035771662286e-16
7469.843248217727 8.569083415456652e-16
7474.150766380849 8.723808768741399e-16
7476.294409982758 8.581698840930654e-16
7480.601947636205 8.467235268296229e-16
7482.784844756452 8.684809303282662e-16
7487.053109401236 8.921327445344678e-16
7491.39990057302 9.123194101523153e-16
7495.687791976974 9.246525195747936e-16
7497.8510818283785 9.385575404197879e-16
7499.994725430288 9.962855948946566e-16
7502.177622550534 9.698857216981764e-16
7504.321870352577 9.829970362223364e-16
7506.46611815462 1.0326163857300392e-15
7510.792678367103 1.071861365015802e-15
7515.100196530224 1.1463277914917112e-15
7519.3875032243695 1.213211774394314e-15
7521.551377785581 1.2611914640465317e-15
7523.695021387492 1.3447761447702942e-15
7525.858895948702 1.4641709491245345e-15
7528.022185800107 1.5357760554089573e-15
7530.146202642848 1.6498249121064992e-15
7534.492974324306 1.8097593089541323e-15
7536.636637416542 2.0000680781018714e-15
7540.944155579662 2.53946948761937e-15
7543.108030140873 3.04198448911479e-15
7545.270715792146 3.776818830791008e-15
7547.4149635941885 4.490605233133252e-15
7549.559211396232 4.605995802681061e-15
7551.72248175731 4.0452074181724505e-15
7556.029415210624 3.1955366220311343e-15
7558.193289771835 2.53946948761937e-15
7562.480596465981 1.878565430496262e-15
7564.68372454553 1.7829713940767113e-15
7566.807741388271 1.6424717514835398e-15
7568.951989190314 1.5495999245250552e-15
7571.11525955139 1.5107994670812708e-15
7575.442423964007 1.404236485157187e-15
7577.586067565917 1.283980758177013e-15
7579.7493379269945 1.2611914640465317e-15
7581.9126277784 1.1687750545582848e-15
7584.056875580443 1.1361014686443658e-15
7586.201123382485 1.0863660064018343e-15
7590.527664104642 1.0037487648562025e-15
7594.835201758089 9.357623777683032e-16
7596.998472119168 8.802214250094801e-16
7599.122488961908 8.581698840930654e-16
7601.286363523121 8.391813603010574e-16
7603.430026615357 8.518007120936614e-16
7605.593901176568 9.26038589496102e-16
7607.757171537646 9.177774536712748e-16
7609.920461389051 8.060476561555372e-16
7614.227979552172 7.196133568004281e-16
7616.371623154081 7.015854213326888e-16
7618.535497715292 6.639009294417295e-16
7620.679141317201 6.424563408742057e-16
7622.822804409438 6.263698662177105e-16
7624.98667897065 6.619327301639262e-16
7627.169576090895 7.753619939344826e-16
7629.294197133771 8.594562838094601e-16
7633.620757346254 8.881444979924589e-16
7635.784027707331 8.671806600912337e-16
7637.9282755093745 7.616001424232051e-16
7640.091565360779 6.769016466438465e-16
7642.2358131628225 6.870806766257335e-16
7644.398479323767 7.348048887168337e-16
7646.562353884978 7.548162202867148e-16
7648.706016977214 7.661669149913071e-16
7653.013535140335 7.858436566140351e-16
7655.177409701546 8.218319353520154e-16
7657.340095352818 7.627417940459816e-16
7659.484343154861 8.096562405224331e-16
7661.628590956904 7.359063638652504e-16
7665.935504919891 7.260907698792827e-16
7668.0987947712965 7.684554886681996e-16
7670.281691891542 7.55937419334864e-16
7674.549976026654 7.673052849393389e-16
7676.713831097538 7.753619939344826e-16
7678.896747708111 8.024442606565234e-16
7681.021368750986 7.800010021217065e-16
7685.328886914107 7.525682663608007e-16
7687.51180352468 7.079005510705873e-16
7689.65544712659 7.015854213326888e-16
7693.962965289711 7.260907698792827e-16
7696.106628381947 7.458546490921679e-16
7698.270502943158 7.282497374960376e-16
7704.72166470819 7.079005510705873e-16
7706.904581318762 7.228448078630956e-16
7709.06785167984 6.912008889762041e-16
7713.355743083794 7.12145315899265e-16
7715.519032935197 7.315299118792177e-16
7717.663280737241 7.153337997002511e-16
7719.826551098318 7.304346816459459e-16
7721.989840949724 7.627417940459816e-16
7724.133484551633 7.469730003723554e-16
7726.297359112844 7.348048887168337e-16
7728.441002714753 7.425304342234041e-16
7730.604292566159 7.174702421891053e-16
7734.91181072928 6.963783891312913e-16
7737.075081090357 7.326065655057182e-16
7741.382618743804 7.570708889481242e-16
7743.545889104883 7.047454850881901e-16
7745.709763666095 7.436336851146651e-16
7747.833780508836 6.953360684872356e-16
7754.32421528253 6.932652552177593e-16
7756.468463084572 6.830038739867208e-16
7760.775396537887 6.922275942297131e-16
7767.227162503052 6.758884782697238e-16
7769.390432864129 6.891423908806317e-16
7778.004884480564 6.984585014662656e-16
7780.16817433197 7.13203430240564e-16
7782.33204889318 7.369997826662654e-16
7784.47569249509 6.943044623074383e-16
7793.090748311659 6.870806766257335e-16
7797.417308524142 7.12145315899265e-16
7799.580578885219 6.698768615485904e-16
7801.724826687263 6.830038739867208e-16
7803.8684702891715 6.99495987129624e-16
7806.051386899744 7.315299118792177e-16
7808.195634701789 6.779163246259223e-16
7812.503152864909 6.86061605230495e-16
7814.666423225986 7.089713408483429e-16
7816.8100863182235 7.228448078630956e-16
7818.954334120266 6.870806766257335e-16
7821.117604481344 6.984585014662656e-16
7823.280874842422 7.185555073439609e-16
7825.444749403633 6.870806766257335e-16
7834.059220510397 6.769016466438465e-16
7836.202864112305 7.142628179241261e-16
7838.366738673517 6.738847407302619e-16
7840.510382275426 6.609419757853803e-16
7842.673672126832 6.708721728962664e-16
7844.8375466880425 6.550457512692251e-16
7846.961563530784 6.492109580162822e-16
7849.125438091995 6.881199736907118e-16
7853.4519983044775 6.589649046800395e-16
7855.596226616194 6.830038739867208e-16
7859.903160069509 6.974130767772811e-16
7864.210697722956 6.779163246259223e-16
7866.373968084034 6.629072291413924e-16
7868.537842645244 7.057923189206088e-16
7872.825734049198 6.668822017370205e-16
7875.008650659771 6.891423908806317e-16
7877.15229426168 6.698768615485904e-16
7879.296542063724 7.196133568004281e-16
7881.459812424802 7.282497374960376e-16
7883.6034755170385 6.99495987129624e-16
7885.767350078249 7.068409939002167e-16
7887.950247198495 6.86061605230495e-16
7892.218511843279 6.932652552177593e-16
7894.401428453853 7.079005510705873e-16
7898.708361907167 6.819813050563617e-16
7900.852590218883 6.99495987129624e-16
7903.015880070288 7.110794053350399e-16
7905.160127872332 6.415031874833027e-16
7907.343024992577 7.036999285190065e-16
7911.649958445892 6.579872590511906e-16
7915.957476609012 6.639009294417295e-16
7918.120766460417 6.7287581555877805e-16
7920.265014262461 7.036999285190065e-16
7922.408657864371 6.901660384546112e-16
7924.572532425582 6.953360684872356e-16
7926.71617602749 6.901660384546112e-16
7935.311605084891 6.830038739867208e-16
7939.657792056541 6.708810093527561e-16
7943.945683460495 6.424563408742057e-16
7946.108953821573 6.482392363281182e-16
7948.272243672978 6.386266922257055e-16
7952.579761836099 6.310617439788718e-16
7954.724009638141 6.932652552177593e-16
7956.88727999922 6.376881533474901e-16
7959.050569850624 6.492109580162822e-16
7961.194817652668 6.619327301639262e-16
7963.358088013745 6.560276760395514e-16
7965.501751105982 6.472687070326097e-16
7967.684648226228 6.7287581555877805e-16
7971.972539630181 6.789417594408624e-16
7974.136414191392 6.688832976581589e-16
7976.280077283629 6.599526954219511e-16
7980.607222205917 6.472687070326097e-16
7982.750865807827 6.819813050563617e-16
7987.078030220443 6.609419757853803e-16
7993.548818744643 6.708721728962664e-16
7995.692481836879 6.53094928501188e-16
7997.8367296389215 6.376881533474901e-16
8000. 6.570024012291519e-16
8002.163289851404 6.329381510700288e-16
8004.306933453314 6.649051641857391e-16
8010.7586994184785 6.329381510700288e-16
8017.229507433005 6.463086843645159e-16
8019.392777794082 6.143313244166842e-16
8021.536440886319 6.540741937645503e-16
8025.843959049439 6.329381510700288e-16
8036.641911986254 6.386266922257055e-16
8038.785555588163 6.609419757853803e-16
8043.1127200007795 6.540741937645503e-16
8045.256363602688 6.415031874833027e-16
8049.563881765811 6.511501791966761e-16
8053.871419419258 6.40543002580989e-16
8056.0346897803365 6.226445698017953e-16
8058.178333382246 6.658930885238221e-16
8060.341623233651 6.33887192806767e-16
8062.505497794862 6.386266922257055e-16
8064.649141396771 6.482392363281182e-16
8071.100322652128 6.579872590511906e-16
8073.264197213341 6.769016466438465e-16
8075.4470943335855 6.639009294417295e-16
8077.590757425822 6.052382937014982e-16
8079.734985737539 6.170816164080483e-16
8081.898275588945 6.748949054675888e-16
8084.061545950021 6.453498156058485e-16
8086.224835801426 6.521173933893444e-16
8090.493685156017 6.799412991526552e-16
8092.6766017665905 6.639009294417295e-16
8094.820245368501 6.840091170241323e-16
8096.964493170543 6.678818605354527e-16
8099.127783021947 6.310617439788718e-16
8101.271426623858 6.579872590511906e-16
8105.618198305314 6.748949054675888e-16
8112.069379560673 7.381045479685392e-16
8114.2326694120775 7.469730003723554e-16
8116.357270964625 7.414190344262389e-16
8118.5205608160295 7.304346816459459e-16
8120.683831177107 7.142628179241261e-16
8122.82807897915 6.639009294417295e-16
8124.991349340228 6.881199736907118e-16
8129.298886993676 6.668822017370205e-16
8131.462157354753 6.376881533474901e-16
8135.788717567237 6.570024012291519e-16
8137.93296536928 6.33887192806767e-16
8140.07660897119 6.830038739867208e-16
8142.2404835324005 6.424563408742057e-16
8144.403773383806 6.609419757853803e-16
8146.547416985715 6.521173933893444e-16
8150.874561908005 6.415031874833027e-16
8152.99918295088 6.245044444607408e-16
8155.182099561453 6.134201541550081e-16
8157.34536992253 6.301171875513762e-16
8161.633261326483 6.134201541550081e-16
8163.776924418719 6.291826038506134e-16
8165.94079897993 6.463086843645159e-16
8172.391960744961 6.33887192806767e-16
8176.718520957444 6.758884782697238e-16
8178.843142000319 6.53094928501188e-16
8181.026039120565 6.207820658365796e-16
8185.333576774013 6.415031874833027e-16
8189.6405102273275 6.319993748144557e-16
8191.804365298211 6.521173933893444e-16
8196.09227619249 6.649051641857391e-16
8198.275173312737 6.443751248383557e-16
8202.58210676605 6.649051641857391e-16
8204.745981327262 6.282491434826455e-16
8209.033872731216 6.386266922257055e-16
8211.216789341788 6.579872590511906e-16
8213.360432943697 6.521173933893444e-16
8221.975488760267 6.688832976581589e-16
8224.119132362175 6.550457512692251e-16
8230.60956713587 6.33887192806767e-16
8232.753210737781 6.291826038506134e-16
8234.897458539821 6.521173933893444e-16
8237.060728900902 6.619327301639262e-16
8239.224018752306 6.254320792543179e-16
8241.36826655435 6.443751248383557e-16
8250.02197168912 6.226445698017953e-16
8252.145988531862 6.43410641296621e-16
8254.309863093073 6.589649046800395e-16
8256.453526185309 6.376881533474901e-16
8260.76104434843 6.088591932566354e-16
8262.924314709508 6.143313244166842e-16
8265.068562511551 6.639009294417295e-16
8269.395122724034 6.226445698017953e-16
8271.539370526076 6.310617439788718e-16
8273.702640887157 6.254320792543179e-16
8275.846303979393 6.395842634893314e-16
8277.990551781435 6.273002718964966e-16
8280.173448901682 6.891423908806317e-16
8282.31709250359 6.310617439788718e-16
8284.480382354996 6.521173933893444e-16
8293.115064930731 6.649051641857391e-16
8297.402956334685 6.511501791966761e-16
8299.566226695762 6.33887192806767e-16
8301.729516547168 6.180234214335375e-16
8303.892786908245 6.329381510700288e-16
8308.180678312197 6.245044444607408e-16
8310.34455287341 6.357803752549884e-16
8312.507842724815 6.688832976581589e-16
8314.651486326724 6.639009294417295e-16
8316.815360887937 6.570024012291519e-16
8318.959004489843 6.125020031897646e-16
8321.12229434125 6.40543002580989e-16
8329.75695742666 6.357803752549884e-16
8331.900620518896 5.998389984589798e-16
8334.04486832094 6.521173933893444e-16
8336.18851192285 6.207820658365796e-16
8338.351782283928 6.619327301639262e-16
8342.659319937375 6.891423908806317e-16
8346.966838100496 6.819813050563617e-16
8349.130108461573 6.310617439788718e-16
8351.27377155381 6.609419757853803e-16
8353.43764611502 6.443751248383557e-16
8357.744579568336 6.152524666579441e-16
8359.90843463922 6.453498156058485e-16
8364.215368092535 6.263698662177105e-16
8372.850050668272 6.619327301639262e-16
8377.137942072226 6.7287581555877805e-16
8379.30123192363 6.86061605230495e-16
8381.44487552554 6.799412991526552e-16
8383.60875008675 6.974130767772811e-16
8387.915683540064 7.206822754726275e-16
8390.079558101275 6.748949054675888e-16
8396.549761915669 6.40543002580989e-16
8398.71363647688 7.392109792938908e-16
8400.857280078788 7.079005510705873e-16
