4077.5910497807267 8.060476561555372e-16
4081.878941184679 8.267486283638117e-16
4088.349749199205 8.454673209998901e-16
4090.493685156018 8.58181546585599e-16
4092.6569750074223 8.658826988380368e-16
4094.8012228094653 8.2552240281726e-16
4099.127783021948 8.32941797833064e-16
4114.213335007813 8.169330381658963e-16
4116.357270964625 8.060476561555372e-16
4118.52056081603 7.976720955107515e-16
4120.684123532011 8.07245291758422e-16
4124.991349340229 7.941061425342716e-16
4129.298886993677 8.00054452611362e-16
4131.442822950489 7.846781009248255e-16
4133.606405156797 7.929280002787784e-16
4146.5480211858485 7.800010021217065e-16
4155.182099561453 7.846781009248255e-16
4165.940798979931 7.976720955107515e-16
4168.08444258184 8.036365314442991e-16
4172.391960744962 8.181468474043526e-16
4174.555250596366 8.024442606565234e-16
4178.843142000319 8.096562405224331e-16
4183.170286922608 8.181468474043526e-16
4193.948320745351 8.212219045950436e-16
4196.111902951659 8.120747186936223e-16
4198.255546553569 8.193843987518952e-16
4200.419128759877 8.036365314442991e-16
4204.726354568094 7.988569631749301e-16
4206.8899367744025 8.048411963322635e-16
4209.0338727312155 7.988569631749301e-16
4215.504680745741 8.060476561555372e-16
4219.812198908862 8.157102855391401e-16
4224.119132362177 8.317060386872376e-16
4226.282714568485 8.193843987518952e-16
4228.426650525297 8.132809801141888e-16
4232.753503092684 8.27987938679848e-16
4234.897458539824 8.132809801141888e-16
4241.368266554349 8.267486283638117e-16
4245.6757847174695 8.32941797833064e-16
4247.81942831938 8.181468474043526e-16
4249.983010525688 8.0844436860444055e-16
4256.434484135949 8.181468474043526e-16
4260.761044348431 8.366707842363375e-16
4265.068562511552 8.292181622359502e-16
4269.376080674672 8.193843987518952e-16
4271.539370526078 8.120747186936223e-16
4282.317404348822 8.120747186936223e-16
4286.624630157039 8.0844436860444055e-16
4297.402956334686 8.218319353520154e-16
4308.1812825123325 8.048411963322635e-16
4312.48850832055 8.012431834381022e-16
4321.122879051057 8.024442606565234e-16
4325.410770455009 8.060476561555372e-16
4336.18851192285 8.341903918159235e-16
4338.352094129157 8.27987938679848e-16
4340.49603008597 8.366707842363375e-16
4342.659319937375 8.304611744254443e-16
4344.803567739418 8.404393074946376e-16
4346.966838100496 8.556257439401151e-16
4349.110793547636 8.736767056897996e-16
4351.274356263617 8.934579126444149e-16
4355.581582071834 8.775999840619307e-16
4357.7451642781425 8.633039725733908e-16
4359.888807880053 8.404393074946376e-16
4368.523198100886 8.304611744254443e-16
4374.974671711147 8.505257594519746e-16
4374.974671711147 8.607332746136052e-16
4381.445460235345 8.58181546585599e-16
4385.752705533891 8.518007120936614e-16
4385.752705533891 8.633039725733908e-16
4392.223201703186 8.530659712679438e-16
4394.386783909494 8.429493833627096e-16
4400.857572433692 8.32941797833064e-16
4405.16479824191 8.145004319555997e-16
4409.45270913619 8.024442606565234e-16
4411.616271852171 8.120747186936223e-16
4413.779854058479 8.181468474043526e-16
4415.923497660388 8.048411963322635e-16
4420.231035313836 7.8702196831387e-16
4422.394305674914 7.811702264052845e-16
4431.009361491483 8.024442606565234e-16
4435.316587299701 7.788437863658959e-16
4437.480150015682 7.63875085261931e-16
4439.623813107918 7.55937419334864e-16
4441.787395314226 7.616001424232051e-16
4448.257891483522 7.74201463180458e-16
4450.42147368983 7.835036261952744e-16
4452.565409646642 7.905561203023189e-16
4456.892262214029 8.036365314442991e-16
4463.343735824289 8.108592378047183e-16
4471.97783369022 8.169330381658963e-16
4474.121769647033 8.3542983096997625e-16
4476.285351853341 8.218319353520154e-16
4480.592577661559 8.012431834381022e-16
4484.880469065511 7.917304071628441e-16
4487.044051271819 7.976720955107515e-16
4489.187694873728 8.145004319555997e-16
4491.351277080036 8.0844436860444055e-16
4493.495213036849 8.169330381658963e-16
4502.12931090278 8.267486283638117e-16
4506.456163470166 8.429493833627096e-16
4508.600099426979 8.6202351686152745e-16
4510.763389278384 8.762864275822441e-16
4512.907637080427 8.684809303282662e-16
4515.0709074415045 8.404393074946376e-16
4517.214862888644 7.941061425342716e-16
4519.378425604626 7.835036261952744e-16
4521.522088696862 7.765245891929266e-16
4525.849233619151 7.684554886681996e-16
4528.012523470556 7.788437863658959e-16
4530.15645942737 7.941061425342716e-16
4532.3004148745085 8.27987938679848e-16
4534.463685235587 8.645984300177381e-16
4536.60793303763 8.505257594519746e-16
4538.771203398708 8.317060386872376e-16
4540.934493250113 7.988569631749301e-16
4543.078741052155 7.858436566140351e-16
4547.385966860373 7.718957667277591e-16
4549.549529576354 7.776886128163463e-16
4551.712819427759 7.627417940459816e-16
4558.164000683117 7.53696368875651e-16
4560.3468978033625 7.673052849393389e-16
4564.634789207315 7.800010021217065e-16
4566.778744654455 7.684554886681996e-16
4575.413115384962 7.525682663608007e-16
4579.72034119318 7.604705444790937e-16
4581.883923399488 7.753619939344826e-16
4584.027567001397 7.8702196831387e-16
4586.191149207705 8.036365314442991e-16
4590.498375015923 8.132809801141888e-16
4592.642622817966 7.952857025744635e-16
4594.805893179044 7.881910162052298e-16
4599.113430832492 7.823412139182369e-16
4601.276701193569 7.718957667277591e-16
4603.420656640709 7.593319849775631e-16
4605.5842193566905 7.650201367386331e-16
4607.727882448928 7.593319849775631e-16
4609.891464655235 7.673052849393389e-16
4612.055027371216 7.74201463180458e-16
4614.198690463452 7.823412139182369e-16
4616.361960824531 7.917304071628441e-16
4618.525543030839 8.0844436860444055e-16
4620.669478987651 8.404393074946376e-16
4622.832768839056 8.802214250094801e-16
4624.977016641099 9.315790865595263e-16
4627.1402870021775 9.56949287221684e-16
4629.284242449317 9.385575404197879e-16
4631.447805165298 8.921327445344678e-16
4633.591468257535 8.366707842363375e-16
4633.591468257535 8.169330381658963e-16
4635.755030973515 8.00054452611362e-16
4640.081903031229 7.8702196831387e-16
4642.225838988042 7.684554886681996e-16
4646.533064796259 7.627417940459816e-16
4646.533064796259 7.53696368875651e-16
4648.677312598302 7.480825491532394e-16
4650.84058295938 7.403190591877943e-16
4655.148120612828 7.348048887168337e-16
4657.311390973906 7.282497374960376e-16
4659.455346421046 7.403190591877943e-16
4665.926154435571 7.33714726278123e-16
4668.089717151553 7.271693003323665e-16
4672.396650604867 7.369997826662654e-16
4674.54089840691 7.239185265551233e-16
4678.848124215127 7.315299118792177e-16
4681.0117064214355 7.250039863185069e-16
4687.482494945634 7.492039376728064e-16
4689.6261580378705 7.414190344262389e-16
4693.95330296016 7.293413962921529e-16
4698.260528768378 7.12145315899265e-16
4700.424110974686 7.068409939002167e-16
4702.567754576596 7.13203430240564e-16
4704.731336782904 6.99495987129624e-16
4706.875272739717 7.057923189206088e-16
4709.038562591121 6.953360684872356e-16
4711.182810393164 7.142628179241261e-16
4715.509370605647 7.185555073439609e-16
4717.653598917363 7.089713408483429e-16
4719.7972620096 7.185555073439609e-16
4724.124406931889 7.089713408483429e-16
4730.594922591511 7.185555073439609e-16
4732.738858548324 7.282497374960376e-16
4734.882813995464 7.458546490921679e-16
4741.3536220099895 7.392109792938908e-16
4745.660847818207 7.304346816459459e-16
4754.295218548714 7.403190591877943e-16
4756.439173995854 7.469730003723554e-16
4758.602444356931 7.570708889481242e-16
4760.746692158975 7.695972693624711e-16
4762.909962520052 7.835036261952744e-16
4765.053917967192 7.988569631749301e-16
4767.2175001735 8.267486283638117e-16
4769.380770534579 8.710747677243086e-16
4771.524725981718 9.455878870072746e-16
4773.688288697699 1.0052534014002755e-15
4775.831951789936 9.873978029890749e-16
4777.995533996244 9.205314168133486e-16
4780.159096712225 8.556257439401151e-16
4782.302759804462 8.108592378047183e-16
4784.466030165539 7.929280002787784e-16
4786.610277967583 7.8702196831387e-16
4788.773548328661 7.765245891929266e-16
4793.081085982109 7.776886128163463e-16
4797.388311790326 7.823412139182369e-16
4801.6955375985435 7.765245891929266e-16
4803.859100314525 7.627417940459816e-16
4806.022682520832 7.570708889481242e-16
4808.185972372237 7.480825491532394e-16
4810.32990832905 7.228448078630956e-16
4816.800716343576 7.079005510705873e-16
4821.107942151793 7.005540639335857e-16
4827.57875016632 6.943044623074383e-16
4831.866641570272 6.870806766257335e-16
4836.174159733393 6.809512794855101e-16
4840.4813855416105 6.86061605230495e-16
4842.644967747919 6.953360684872356e-16
4846.952193556136 7.036999285190065e-16
4851.2594193643545 7.163963614886463e-16
4853.423001570662 7.359063638652504e-16
4855.586564286643 7.627417940459816e-16
4857.730227378879 7.835036261952744e-16
4859.89379009486 7.905561203023189e-16
4862.0573723011685 7.788437863658959e-16
4864.201015903079 7.661669149913071e-16
4866.364598109387 7.304346816459459e-16
4868.508553556526 7.153337997002511e-16
4870.671823917604 6.99495987129624e-16
4872.816071719647 7.089713408483429e-16
4874.9793420807255 6.85034735718894e-16
4883.6134399466555 6.769016466438465e-16
4890.0649135569165 6.840091170241323e-16
4892.228476272898 6.779163246259223e-16
4896.5354097262125 6.738847407302619e-16
4905.169780456719 6.748949054675888e-16
4909.477006264937 6.819813050563617e-16
4911.640588471244 6.943044623074383e-16
4915.947814279462 7.089713408483429e-16
4918.092062081505 7.153337997002511e-16
4920.25535193291 7.359063638652504e-16
4922.399287889723 7.503269970469536e-16
4928.8507614999835 7.315299118792177e-16
4937.465213116418 7.260907698792827e-16
4941.792358038708 7.153337997002511e-16
4946.099603337253 7.163963614886463e-16
4956.877617669669 7.100150806010857e-16
4963.328798925027 7.142628179241261e-16
4965.511696045272 7.228448078630956e-16
4967.655943847316 7.359063638652504e-16
4969.81923369872 7.458546490921679e-16
4974.1267518618415 7.326065655057182e-16
4980.577933117199 7.403190591877943e-16
4982.7412034782765 7.525682663608007e-16
4984.88545128032 7.458546490921679e-16
4987.068367890893 7.525682663608007e-16
4991.37559369911 7.63875085261931e-16
4995.6828195073285 7.776886128163463e-16
5006.461145684974 7.616001424232051e-16
5012.931934209174 7.800010021217065e-16
5017.239160017391 7.858436566140351e-16
5019.4027422236995 7.964778494273072e-16
5025.834296719889 8.048411963322635e-16
5027.9981712811 8.181468474043526e-16
5030.141814883009 8.379249567253802e-16
5032.324731493583 8.658826988380368e-16
5034.44933304613 9.455878870072746e-16
5036.612622897535 9.583707333977552e-16
5038.775893258613 1.052836964720952e-15
5040.920141060656 1.2005891123330617e-15
5043.083411421734 1.283980758177013e-15
5045.246701273139 1.224115549990116e-15
5047.390949075182 1.1010523951480199e-15
5049.554219436259 9.829970362223364e-16
5051.698467238302 9.246525195747936e-16
5053.861737599381 8.97470019276375e-16
5058.168671052696 8.815408800643384e-16
5062.476208706143 8.505257594519746e-16
5064.639479067221 8.58181546585599e-16
5066.802749428299 8.518007120936614e-16
5068.946997230341 8.442018480094775e-16
5071.110287081747 8.132809801141888e-16
5073.274161642958 7.988569631749301e-16
5075.417805244867 7.765245891929266e-16
5077.581075605945 7.661669149913071e-16
5081.8886132593925 7.480825491532394e-16
5084.032861061436 7.392109792938908e-16
5088.359421273919 7.447382837491763e-16
5090.503064875828 7.525682663608007e-16
5092.66693943704 7.616001424232051e-16
5096.97445760016 7.348048887168337e-16
5101.281391053475 7.271693003323665e-16
5105.588909216595 7.217628827281621e-16
5109.896427379717 7.142628179241261e-16
5116.367235394243 7.089713408483429e-16
5122.837439208635 7.196133568004281e-16
5124.981687010678 7.282497374960376e-16
5127.144976862082 7.392109792938908e-16
5131.4524950252035 7.326065655057182e-16
5133.596138627113 7.217628827281621e-16
5135.760013188325 7.005540639335857e-16
5140.067550841773 6.718778126756914e-16
5142.23082120285 6.589649046800395e-16
5144.3941110542555 6.7287581555877805e-16
5146.518712606803 6.678818605354527e-16
5148.701629217376 6.609419757853803e-16
5159.460328635854 6.779163246259223e-16
5165.931117160053 6.870806766257335e-16
5176.708858627893 6.819813050563617e-16
5178.872128988972 6.891423908806317e-16
5183.179666642419 6.984585014662656e-16
5185.34354120363 7.036999285190065e-16
5187.487184805539 7.110794053350399e-16
5189.650455166618 7.271693003323665e-16
5193.957992820066 7.206822754726275e-16
5193.957992820066 6.99495987129624e-16
5198.265510983187 6.922275942297131e-16
5200.428800834592 6.870806766257335e-16
5204.736318997712 6.963783891312913e-16
5206.899589358791 7.068409939002167e-16
5209.0438371608325 7.250039863185069e-16
5209.0438371608325 7.458546490921679e-16
5213.350770614147 7.514520542665179e-16
5215.495018416191 7.271693003323665e-16
5219.821578628673 7.185555073439609e-16
5221.965222230583 7.12145315899265e-16
5221.965222230583 7.047454850881901e-16
5226.272740393704 7.228448078630956e-16
5230.59990480632 7.326065655057182e-16
5230.59990480632 7.447382837491763e-16
5237.05106657135 7.570708889481242e-16
5241.358604224798 7.718957667277591e-16
5243.521874585876 7.776886128163463e-16
5243.521874585876 7.835036261952744e-16
5249.973055841234 7.776886128163463e-16
5252.136930402445 7.525682663608007e-16
5252.136930402445 7.326065655057182e-16
5256.463490614928 7.271693003323665e-16
5258.607134216838 7.348048887168337e-16
5267.241212592441 7.425304342234041e-16
5271.548730755561 7.315299118792177e-16
5273.692978557605 7.381045479685392e-16
5275.856268409009 7.604705444790937e-16
5286.634594586656 7.74201463180458e-16
5288.7978649477345 7.570708889481242e-16
5288.7978649477345 7.469730003723554e-16
5295.249046203091 7.206822754726275e-16
5301.7002079681215 7.293413962921529e-16
5303.864082529333 7.381045479685392e-16
5310.33489054386 7.503269970469536e-16
5310.33489054386 7.661669149913071e-16
5312.478534145769 7.811702264052845e-16
5318.949342160295 7.718957667277591e-16
5318.949342160295 7.514520542665179e-16
5323.256860323415 7.447382837491763e-16
5325.42015017482 7.228448078630956e-16
5325.42015017482 7.174702421891053e-16
5327.564397976863 7.079005510705873e-16
5331.890958189346 6.99495987129624e-16
5334.034601791255 6.830038739867208e-16
5334.034601791255 6.708810093527561e-16
5338.342119954377 6.619327301639262e-16
5340.505994515588 6.649051641857391e-16
5342.649657607824 6.589649046800395e-16
5349.120446132023 6.688832976581589e-16
5353.42798378547 6.840091170241323e-16
5355.591254146549 6.943044623074383e-16
5355.591254146549 7.079005510705873e-16
5357.734897748458 7.026278361694497e-16
5362.062062161074 7.110794053350399e-16
5364.206309963118 7.217628827281621e-16
5368.532870175601 7.33714726278123e-16
5372.840388338721 7.153337997002511e-16
5372.840388338721 6.984585014662656e-16
5377.147906501842 6.881199736907118e-16
5379.310592153113 6.779163246259223e-16
5379.310592153113 6.609419757853803e-16
5383.618110316234 6.550457512692251e-16
5385.762358118277 6.415031874833027e-16
5387.945274728851 6.501752917025687e-16
5392.2331661328035 6.472687070326097e-16
5398.68434738816 6.599526954219511e-16
5400.848221949372 6.678818605354527e-16
5403.010888110317 6.609419757853803e-16
5405.155135912359 6.708810093527561e-16
5409.462673565807 6.769016466438465e-16
5413.769587528794 6.708810093527561e-16
5415.933462090006 6.540741937645503e-16
5418.09675194141 6.482392363281182e-16
5420.240999743453 6.386266922257055e-16
5428.875078119057 6.472687070326097e-16
5431.018721720967 6.357803752549884e-16
5433.182596282179 6.301171875513762e-16
5435.326239884087 6.034275961820202e-16
5439.633777537536 5.89192493610867e-16
5441.7970478986135 5.953790174838534e-16
5443.960337750018 5.9007570322309e-16
5454.738663927665 5.971574483909736e-16
5456.882911729708 5.918460882838431e-16
5461.209452451863 5.998389984589798e-16
5465.516990105311 5.962633976066097e-16
5478.438959884868 6.079396071426867e-16
5481.664550512546 6.291826038506134e-16
5487.053411501303 6.198526448030219e-16
5489.19707459354 6.079396071426867e-16
5491.360929664424 5.953790174838534e-16
5495.6684673178725 5.865662641186687e-16
5499.975985480993 5.83070017226311e-16
5508.610063856597 5.89192493610867e-16
5512.917601510044 5.804634242117644e-16
5515.080267670989 5.962633976066097e-16
5534.473649665204 6.025325982243011e-16
5536.636939516609 6.088591932566354e-16
5540.9444576797305 6.115849788809299e-16
5545.251975842851 6.043321444561545e-16
5551.703157098209 6.189332770197535e-16
5553.886054218454 6.245044444607408e-16
5558.193591871902 6.310617439788718e-16
5560.317608714644 6.482392363281182e-16
5562.4808790757215 6.395842634893314e-16
5568.95229129038 6.492109580162822e-16
5571.09593489229 6.579872590511906e-16
5573.259205253367 6.708810093527561e-16
5575.403453055412 6.86061605230495e-16
5579.730013267894 6.974130767772811e-16
5581.873656869803 6.840091170241323e-16
5584.037531431015 6.922275942297131e-16
5586.2008212824185 7.100150806010857e-16
5588.345069084462 7.174702421891053e-16
5590.5083394455405 7.33714726278123e-16
5592.65198304745 7.425304342234041e-16
5594.815272898855 7.604705444790937e-16
5599.1227910619755 7.800010021217065e-16
5601.266454154213 7.941061425342716e-16
5603.430309225097 8.132809801141888e-16
5605.593599076501 8.366707842363375e-16
5607.737846878545 8.633039725733908e-16
5609.901117239622 8.947972213170835e-16
5612.064407091027 9.26038589496102e-16
5614.2282816522375 9.815257124134824e-16
5616.371925254149 1.0310703755578534e-15
5618.535195615225 1.0912443594160952e-15
5620.679443417269 1.1934486821202096e-15
5622.842733268674 1.3327794938144279e-15
5627.149647231661 1.8982911702572816e-15
5629.293895033704 2.094741117084207e-15
5631.476811644277 2.0210421544299705e-15
5633.62105944632 1.7591660331493503e-15
5635.764703048229 1.4795447507752918e-15
5637.92857760944 1.259303763214939e-15
5640.091263260712 1.1126134503241419e-15
5642.235511062755 1.05599619922149e-15
5644.3987814238335 1.0052534014002755e-15
5646.543029225877 9.555169509904722e-16
5648.686672827786 9.315790865595263e-16
5650.830920629829 9.05536044577601e-16
5652.994210481234 8.697709779268887e-16
5655.157480842312 8.49252371295453e-16
5657.301143934548 8.3542983096997625e-16
5659.464999005433 8.132809801141888e-16
5661.628288856838 8.012431834381022e-16
5663.772536658881 7.941061425342716e-16
5665.935807019958 7.74201463180458e-16
5668.099096871363 7.514520542665179e-16
5670.2427404732725 7.359063638652504e-16
5672.406615034484 7.414190344262389e-16
5674.550258636395 7.282497374960376e-16
5676.714133197605 7.13203430240564e-16
5678.857796289842 7.047454850881901e-16
5681.0216708510525 6.840091170241323e-16
5685.338700293691 6.9017087247136225e-16
5691.799392828566 6.99495987129624e-16
5696.106910991688 6.953360684872356e-16
5698.2702008430915 7.005540639335857e-16
5698.2702008430915 7.12145315899265e-16
5700.414448645135 7.228448078630956e-16
5700.414448645135 7.057923189206088e-16
5702.577719006214 7.142628179241261e-16
5702.577719006214 7.217628827281621e-16
5704.741008857618 7.414190344262389e-16
5704.741008857618 7.525682663608007e-16
5706.884652459527 7.582057511425751e-16
5709.048527020739 7.458546490921679e-16
5711.211797381817 7.315299118792177e-16
5713.335833714885 7.068409939002167e-16
5713.335833714885 7.206822754726275e-16
5717.662978637174 7.079005510705873e-16
5717.662978637174 6.932652552177593e-16
5719.826248998252 6.799412991526552e-16
5719.826248998252 6.7287581555877805e-16
5721.9901235594625 6.310617439788718e-16
5721.9901235594625 6.070459208639326e-16
5724.133786651699 6.198526448030219e-16
5724.133786651699 6.263698662177105e-16
5726.2976612129105 6.668822017370205e-16
5726.2976612129105 7.057923189206088e-16
5728.441304814821 7.239185265551233e-16
5730.604575175898 7.13203430240564e-16
5732.729196218773 7.447382837491763e-16
5734.892486070178 7.348048887168337e-16
5737.056360631389 7.570708889481242e-16
5739.219026792334 7.684554886681996e-16
5741.363274594377 7.8702196831387e-16
5741.363274594377 8.096562405224331e-16
5743.50752239642 8.3542983096997625e-16
5743.50752239642 8.49252371295453e-16
5745.670812247824 8.341903918159235e-16
5745.670812247824 8.193843987518952e-16
5747.8340826089025 8.00054452611362e-16
5747.8340826089025 7.765245891929266e-16
5749.977726210812 7.492039376728064e-16
5749.977726210812 7.217628827281621e-16
5752.141600772024 7.163963614886463e-16
5752.141600772024 7.100150806010857e-16
5754.304890623428 6.881199736907118e-16
5756.449138425472 6.974130767772811e-16
5756.449138425472 6.840091170241323e-16
5758.592782027381 6.678818605354527e-16
5760.7756986379545 6.830038739867208e-16
5762.919342239864 6.86061605230495e-16
5765.0635900419065 6.881199736907118e-16
5767.226860402985 6.758884782697238e-16
5767.226860402985 6.963783891312913e-16
5769.370523495221 6.891423908806317e-16
5771.553420615468 6.984585014662656e-16
5771.553420615468 7.036999285190065e-16
5773.69766841751 7.282497374960376e-16
5775.860938778588 7.250039863185069e-16
5775.860938778588 7.185555073439609e-16
5778.005186580631 7.436336851146651e-16
5778.005186580631 7.503269970469536e-16
5780.168476432035 7.788437863658959e-16
5782.332350993247 7.846781009248255e-16
5784.475994595157 8.00054452611362e-16
5786.619638197067 8.07245291758422e-16
5786.619638197067 8.3542983096997625e-16
5788.7835127582775 8.429493833627096e-16
5788.7835127582775 8.841740807595752e-16
5790.927175850515 9.205314168133486e-16
5793.110072970761 9.540863723686903e-16
5793.110072970761 9.800699229971307e-16
5795.253716572671 1.0418970550939385e-15
5795.253716572671 1.0912443594160952e-15
5797.417591133882 1.1378045041521978e-15
5797.417591133882 1.165294742010609e-15
5799.561254226118 1.109284848391574e-15
5801.725128787329 1.0310703755578534e-15
5801.725128787329 9.727695923545276e-16
5803.868772389238 9.068938257430588e-16
5803.868772389238 8.736767056897996e-16
5806.03264695045 8.230638643536668e-16
5808.17629055236 7.695972693624711e-16
5808.17629055236 7.765245891929266e-16
5810.339580403765 7.593319849775631e-16
5812.483828205808 7.684554886681996e-16
5814.647098566886 7.414190344262389e-16
5816.810388418291 7.514520542665179e-16
5818.974243489175 7.153337997002511e-16
5818.974243489175 7.100150806010857e-16
5821.098279822243 6.99495987129624e-16
5823.261550183321 6.718778126756914e-16
5823.261550183321 6.649051641857391e-16
5825.405213275557 6.738847407302619e-16
5825.405213275557 6.678818605354527e-16
5827.569068346442 6.609419757853803e-16
5829.732358197846 6.738847407302619e-16
5829.732358197846 6.678818605354527e-16
5831.87660599989 6.492109580162822e-16
5831.87660599989 6.639009294417295e-16
5834.039876360966 6.463086843645159e-16
5834.039876360966 6.599526954219511e-16
5836.18412416301 6.40543002580989e-16
5838.346809814281 6.482392363281182e-16
5840.491057616325 6.550457512692251e-16
5840.491057616325 6.482392363281182e-16
5842.654327977403 6.367336786867629e-16
5844.818202538614 6.443751248383557e-16
5844.818202538614 6.198526448030219e-16
5846.96186563085 6.33887192806767e-16
5846.96186563085 6.40543002580989e-16
5849.125740192061 6.273002718964966e-16
5851.288406353007 6.161663586245585e-16
5853.432654155049 6.291826038506134e-16
5855.595944006454 6.161663586245585e-16
5859.903462169575 6.263698662177105e-16
5859.903462169575 6.143313244166842e-16
5864.210980332697 6.088591932566354e-16
5866.3742701841 6.217126203669066e-16
5866.3742701841 6.070459208639326e-16
5868.518517986144 6.034275961820202e-16
5870.681788347222 6.152524666579441e-16
5870.681788347222 6.106778819723142e-16
5872.845078198627 6.180234214335375e-16
5874.988721800537 6.079396071426867e-16
5874.988721800537 6.198526448030219e-16
5877.152596361748 6.282491434826455e-16
5877.152596361748 6.061373106814776e-16
5879.315866722825 6.180234214335375e-16
5881.460114524868 6.079396071426867e-16
5883.62280017614 6.034275961820202e-16
5883.62280017614 6.189332770197535e-16
5885.767047978183 6.106778819723142e-16
5887.93031833926 5.9804446213649e-16
5887.93031833926 6.079396071426867e-16
5890.074566141303 5.9894093291779075e-16
5894.401730553919 6.161663586245585e-16
5898.708644516907 6.043321444561545e-16
5900.852892318951 6.143313244166842e-16
5903.016182170355 6.235697028246889e-16
5905.160429972398 6.143313244166842e-16
5905.160429972398 6.198526448030219e-16
5907.323096133343 6.106778819723142e-16
5907.323096133343 6.273002718964966e-16
5909.4673439353855 6.161663586245585e-16
5911.611591737429 6.235697028246889e-16
5913.774881588833 6.376881533474901e-16
5915.938151949911 6.226445698017953e-16
5915.938151949911 6.143313244166842e-16
5918.0817955518205 5.9894093291779075e-16
5920.245670113032 5.307466063862986e-16
5920.245670113032 5.625559522309279e-16
5922.408959964437 5.371236104027104e-16
5922.408959964437 5.642363387797519e-16
5924.55320776648 6.217126203669066e-16
5924.55320776648 6.329381510700288e-16
5926.716478127559 6.273002718964966e-16
5928.879767978963 6.376881533474901e-16
5931.004369531511 6.282491434826455e-16
5933.187286142083 6.329381510700288e-16
5935.330929743994 6.386266922257055e-16
5935.330929743994 6.320079636593037e-16
5937.4948043052045 6.492109580162822e-16
5943.945985560562 6.329381510700288e-16
5946.1092559216395 6.443751248383557e-16
5950.436420334256 6.348287646730141e-16
5952.560437176998 6.501752917025687e-16
5956.887582099287 6.609419757853803e-16
5956.887582099287 6.698768615485904e-16
5959.0508719506915 6.609419757853803e-16
5963.357785913679 6.7287581555877805e-16
5965.502033715722 6.840091170241323e-16
5967.6653235671265 6.789417594408624e-16
5969.829198128338 6.891423908806317e-16
5969.829198128338 7.079005510705873e-16
5971.992468489416 7.185555073439609e-16
5971.992468489416 7.036999285190065e-16
5976.299401942731 7.015854213326888e-16
5976.299401942731 7.089713408483429e-16
5978.443649744773 7.036999285190065e-16
5978.443649744773 7.110794053350399e-16
5980.587897546817 7.293413962921529e-16
5980.587897546817 7.359063638652504e-16
5982.770794667062 7.514520542665179e-16
5984.9144577593 7.582057511425751e-16
5987.058101361209 7.480825491532394e-16
5989.22197592242 7.359063638652504e-16
5991.365619524329 7.293413962921529e-16
5993.52949408554 7.1534323144112e-16
5995.67313768745 7.293413962921529e-16
5995.67313768745 7.217628827281621e-16
5997.836427538855 7.348048887168337e-16
6002.143945701975 7.163963614886463e-16
6004.28819350402 7.304346816459459e-16
6006.471110114591 7.206822754726275e-16
6006.471110114591 7.282497374960376e-16
6008.595126957333 7.425304342234041e-16
6010.739374759376 7.348048887168337e-16
6010.739374759376 7.458546490921679e-16
6012.9413139289845 7.627417940459816e-16
6012.9413139289845 7.414190344262389e-16
6015.085561731028 7.661669149913071e-16
6017.209578573769 7.525682663608007e-16
6019.37345313498 7.492039376728064e-16
6021.536723496058 7.359063638652504e-16
6023.700013347463 6.963783891312913e-16
6025.863887908674 6.748949054675888e-16
6025.863887908674 6.922275942297131e-16
6032.315049673705 6.953360684872356e-16
6034.478339525109 6.881199736907118e-16
6034.478339525109 6.819813050563617e-16
6036.622587327152 7.005540639335857e-16
6036.622587327152 6.912008889762041e-16
6038.78585768823 6.943044623074383e-16
6045.256665702756 6.974130767772811e-16
6049.564183865878 7.12145315899265e-16
6049.564183865878 7.174702421891053e-16
6051.726869517149 7.089713408483429e-16
6051.726869517149 7.1534323144112e-16
6053.851490560022 7.369997826662654e-16
6056.015365121235 7.458546490921679e-16
6058.19826224148 7.369997826662654e-16
6064.649443496839 7.1534323144112e-16
6068.97600370932 7.13203430240564e-16
6068.97600370932 6.974130767772811e-16
6071.120251511364 7.079005510705873e-16
6071.120251511364 6.984585014662656e-16
6073.264499313407 7.057923189206088e-16
6075.427165474352 7.13203430240564e-16
6075.427165474352 7.217628827281621e-16
6079.754329886968 7.260907698792827e-16
6079.754329886968 7.315299118792177e-16
6081.89857768901 7.403190591877943e-16
6081.89857768901 7.33714726278123e-16
6084.04222129092 7.436336851146651e-16
6084.04222129092 7.369997826662654e-16
6090.493402546278 7.53696368875651e-16
6092.637650348321 7.480825491532394e-16
6094.820547468567 7.392109792938908e-16
6096.983837319972 7.282497374960376e-16
6096.983837319972 7.480825491532394e-16
6099.108438872519 7.570708889481242e-16
6099.108438872519 7.514520542665179e-16
6101.271728723924 7.627417940459816e-16
6103.434999085002 7.765245891929266e-16
6103.434999085002 7.707508984135445e-16
6107.742517248123 7.593319849775631e-16
6109.905807099527 7.392109792938908e-16
6112.0500549015715 7.315299118792177e-16
6114.213325262648 7.239185265551233e-16
6116.3766151140535 7.174702421891053e-16
6116.3766151140535 7.036999285190065e-16
6118.540489675264 7.174702421891053e-16
6118.540489675264 7.015854213326888e-16
6120.684133277175 6.901660384546112e-16
6120.684133277175 6.779163246259223e-16
6122.827776879084 6.953360684872356e-16
6125.010693489657 6.881199736907118e-16
6127.154941291701 6.779163246259223e-16
6129.299189093743 6.830038739867208e-16
6131.461855254688 6.922275942297131e-16
6131.461855254688 6.809512794855101e-16
6133.6257298159 6.870806766257335e-16
6135.750350858774 6.974130767772811e-16
6135.750350858774 6.809512794855101e-16
6137.933267469347 6.99495987129624e-16
6140.0965378304245 7.036999285190065e-16
6142.240785632467 7.271693003323665e-16
6144.384429234378 7.163963614886463e-16
6144.384429234378 7.217628827281621e-16
6146.528092326615 7.33714726278123e-16
6146.528092326615 7.492039376728064e-16
6148.691966887825 7.63875085261931e-16
6150.87486400807 7.525682663608007e-16
6150.87486400807 7.707508984135445e-16
6152.998880850813 7.616001424232051e-16
6155.162170702218 7.315299118792177e-16
6155.162170702218 7.228448078630956e-16
6157.3260452634295 7.174702421891053e-16
6159.489315624507 7.015854213326888e-16
6159.489315624507 6.922275942297131e-16
6161.613351957574 6.984585014662656e-16
6161.613351957574 6.870806766257335e-16
6163.796249077821 6.758884782697238e-16
6163.796249077821 6.912008889762041e-16
6165.940496879864 6.881199736907118e-16
6168.084744681908 6.779163246259223e-16
6170.286683851516 6.870806766257335e-16
6172.392262845027 6.819813050563617e-16
6174.554948496299 6.738847407302619e-16
6176.699196298343 6.688832976581589e-16
6178.8624666594205 6.560276760395514e-16
6178.8624666594205 6.43410641296621e-16
6181.026341220631 6.482392363281182e-16
6183.170004312868 6.395842634893314e-16
6185.333878874079 6.301171875513762e-16
6187.496545035025 6.386266922257055e-16
6189.640792837066 6.348287646730141e-16
6189.640792837066 6.443751248383557e-16
6191.78504063911 6.301171875513762e-16
6193.9679572496825 6.43410641296621e-16
6198.236221894467 6.570024012291519e-16
6198.236221894467 6.688832976581589e-16
6200.438161064076 6.840091170241323e-16
6202.5824088661175 6.922275942297131e-16
6202.5824088661175 6.85034735718894e-16
6204.726656668161 6.881199736907118e-16
6206.870300270071 6.809512794855101e-16
6209.033570631149 6.639009294417295e-16
6211.196860482554 6.463086843645159e-16
6211.196860482554 6.550457512692251e-16
6213.360735043765 6.629072291413924e-16
6213.360735043765 6.482392363281182e-16
6215.5043786456745 6.33887192806767e-16
6221.9751866602 6.189332770197535e-16
6224.138457021278 6.367336786867629e-16
6224.138457021278 6.161663586245585e-16
6228.426952625365 6.052382937014982e-16
6230.609869235937 6.189332770197535e-16
6232.772535396882 6.143313244166842e-16
6232.772535396882 6.198526448030219e-16
6234.897156439757 6.245044444607408e-16
6237.061031000968 6.282491434826455e-16
6237.061031000968 6.217126203669066e-16
6239.224320852372 6.273002718964966e-16
6239.224320852372 6.207820658365796e-16
6241.368568654415 6.291826038506134e-16
6241.368568654415 6.367336786867629e-16
6243.53123481536 6.273002718964966e-16
6250.002647030019 6.152524666579441e-16
6250.002647030019 6.207820658365796e-16
6252.146290631928 6.320079636593037e-16
6252.146290631928 6.376881533474901e-16
6254.310165193139 6.443751248383557e-16
6254.310165193139 6.570024012291519e-16
6256.472850844411 6.698768615485904e-16
6258.597471887287 6.570024012291519e-16
6260.741719689329 6.748949054675888e-16
6262.924616809576 6.609419757853803e-16
6262.924616809576 6.738847407302619e-16
6265.0682604114845 6.619327301639262e-16
6267.23155026289 6.799412991526552e-16
6271.539068426011 6.901660384546112e-16
6275.865628638494 6.85034735718894e-16
6275.865628638494 6.953360684872356e-16
6278.009876440537 7.015854213326888e-16
6278.009876440537 6.758884782697238e-16
6280.154124242579 6.830038739867208e-16
6280.154124242579 6.769016466438465e-16
6282.317394603657 6.609419757853803e-16
6286.644559016273 6.511501791966761e-16
6288.768575859014 6.415031874833027e-16
6288.768575859014 6.357803752549884e-16
6290.931846220094 6.282491434826455e-16
6293.095720781304 6.161663586245585e-16
6295.25901063271 6.115849788809299e-16
6295.25901063271 6.217126203669066e-16
6297.4032584347515 6.088591932566354e-16
6299.565924595697 6.043321444561545e-16
6299.565924595697 6.134201541550081e-16
6301.710172397739 6.052382937014982e-16
6303.873462249145 6.115849788809299e-16
6308.180980412265 5.998389984589798e-16
6312.507540624748 5.839519849168539e-16
6314.6517884267905 5.953790174838534e-16
6314.6517884267905 5.874457748024062e-16
6318.959306589912 5.684550670174208e-16
6321.122596441317 5.778763448821833e-16
6325.430114604437 5.796024864911733e-16
6325.430114604437 5.883183708314501e-16
6327.593384965516 5.962633976066097e-16
6331.90031841883 6.025325982243011e-16
6334.024939461704 6.052382937014982e-16
6334.024939461704 5.89192493610867e-16
6336.188814022917 5.953790174838534e-16
6336.188814022917 6.025325982243011e-16
6340.515374235398 5.89192493610867e-16
6344.82289239852 5.953790174838534e-16
6344.82289239852 6.079396071426867e-16
6346.966536000429 5.909521977909204e-16
6349.13041056164 6.007300034684158e-16
6349.13041056164 5.918460882838431e-16
6351.274073653876 6.01622567437766e-16
6353.417717255787 6.061373106814776e-16
6355.600614376033 5.909521977909204e-16
6357.764488937244 6.134201541550081e-16
6357.764488937244 6.180234214335375e-16
6359.8891099801185 6.235697028246889e-16
6359.8891099801185 6.088591932566354e-16
6362.052399831523 6.207820658365796e-16
6364.19662814324 6.097718753584494e-16
6366.35931379451 6.226445698017953e-16
6366.35931379451 6.170816164080483e-16
6368.523188355723 6.079396071426867e-16
6368.523188355723 6.161663586245585e-16
6370.666851447959 6.088591932566354e-16
6374.993996370249 6.052382937014982e-16
6379.2818877742 6.152524666579441e-16
6381.464804384774 6.079396071426867e-16
6381.464804384774 6.226445698017953e-16
6383.608447986684 6.291826038506134e-16
6385.75211107892 6.40543002580989e-16
6387.935008199167 6.357803752549884e-16
6387.935008199167 6.443751248383557e-16
6390.079256001209 6.501752917025687e-16
6392.223503803252 6.609419757853803e-16
6394.406400923498 6.698768615485904e-16
6394.406400923498 6.609419757853803e-16
6396.531021966373 6.501752917025687e-16
6398.713938576946 6.386266922257055e-16
6403.020852539933 6.125020031897646e-16
6403.020852539933 5.971574483909736e-16
6405.1651003419765 5.927254605409842e-16
6405.1651003419765 6.061373106814776e-16
6407.308763434214 5.9804446213649e-16
6409.4726379954245 5.796024864911733e-16
6409.4726379954245 5.865662641186687e-16
6411.655535115671 5.718714502844541e-16
6413.779551958412 5.625559522309279e-16
6415.923799760456 5.710077360486925e-16
6420.269986732106 5.718714502844541e-16
6422.394003574847 5.617139410303135e-16
6424.57692018542 5.752929699883657e-16
6424.57692018542 5.617139410303135e-16
6426.721167987463 5.684550670174208e-16
6426.721167987463 5.567029239796359e-16
6428.865415789507 5.744318945301042e-16
6428.865415789507 5.608729554729543e-16
6431.048312909752 5.484701120931178e-16
6431.048312909752 4.977647684347227e-16
6433.172329752494 5.347224263221431e-16
6433.172329752494 5.684550670174208e-16
6435.316577554537 5.752929699883657e-16
6435.316577554537 5.575450080821874e-16
6439.64313776702 5.625559522309279e-16
6439.64313776702 5.533919749040183e-16
6441.786800859256 5.608729554729543e-16
6441.786800859256 5.650744517256168e-16
6443.95065593014 5.761475063814931e-16
6443.95065593014 5.550598420976699e-16
6446.094319022377 5.642363387797519e-16
6448.258193583589 5.710077360486925e-16
6448.258193583589 5.550598420976699e-16
6450.421463944665 5.710077360486925e-16
6452.565711746709 5.650744517256168e-16
6456.892271959192 5.550598420976699e-16
6456.892271959192 5.617139410303135e-16
6461.199790122313 5.51751390236869e-16
6461.199790122313 5.617139410303135e-16
6463.363079973718 5.435772424619234e-16
6463.363079973718 5.575450080821874e-16
6465.50732777576 5.509255434366169e-16
6465.50732777576 5.419510242463976e-16
6467.65097137767 5.509255434366169e-16
6469.814241738748 5.347224263221431e-16
6471.977531590153 5.387353503946545e-16
6471.977531590153 5.347224263221431e-16
6476.266007703913 5.492848059895807e-16
6476.266007703913 5.395282521739357e-16
6478.428693355183 5.347224263221431e-16
6478.428693355183 5.427781631282448e-16
6480.592567916396 5.525784675383187e-16
6484.919128128877 5.323392037991998e-16
6487.06337593092 5.435772424619234e-16
6487.06337593092 5.492848059895807e-16
6489.207019532831 5.452009311701104e-16
6493.553206504481 5.403443573971382e-16
6497.8214906395915 5.36319665311951e-16
6497.8214906395915 5.315494210779002e-16
6500.004387759839 5.411472004408868e-16
6502.16826232105 5.37928767869589e-16
6504.292883363925 5.443846685220233e-16
6506.456153725002 5.427781631282448e-16
6508.619443576407 5.347224263221431e-16
6512.926961739528 5.315494210779002e-16
6515.090232100605 5.411472004408868e-16
6515.090232100605 5.347224263221431e-16
6517.2535219520105 5.315494210779002e-16
6519.378142994886 5.419510242463976e-16
6521.521786596795 5.307466063862986e-16
6523.704683717042 5.291731489889018e-16
6523.704683717042 5.435772424619234e-16
6525.8489315190845 5.331229148715304e-16
6527.993179321127 5.542215114477342e-16
6530.1760959317 5.395282521739357e-16
6532.31973953361 5.468292485162261e-16
6534.4633831355195 5.411472004408868e-16
6534.4633831355195 5.525784675383187e-16
6536.627257696731 5.5921779234972e-16
6538.790547548135 5.509255434366169e-16
6538.790547548135 5.608729554729543e-16
6540.915168591011 5.51751390236869e-16
6540.915168591011 5.659215003437467e-16
6543.098065711257 5.51751390236869e-16
6543.098065711257 5.476491766226828e-16
6545.261355562662 5.395282521739357e-16
6547.404999164572 5.476491766226828e-16
6547.404999164572 5.51751390236869e-16
6549.549246966614 5.371236104027104e-16
6549.549246966614 5.435772424619234e-16
6551.693494768657 5.501009401657091e-16
6553.856180419929 5.347224263221431e-16
6553.856180419929 5.501009401657091e-16
6556.039077540176 5.403443573971382e-16
6556.039077540176 5.347224263221431e-16
6558.163698583049 5.411472004408868e-16
6558.163698583049 5.476491766226828e-16
6560.327573144261 5.387353503946545e-16
6560.327573144261 5.443846685220233e-16
6562.4908435053385 5.339220680219804e-16
6566.797776958652 5.403443573971382e-16
6566.797776958652 5.501009401657091e-16
6568.961651519865 5.419510242463976e-16
6571.105295121774 5.347224263221431e-16
6571.105295121774 5.307466063862986e-16
6573.269169682986 5.411472004408868e-16
6575.43245953439 5.323392037991998e-16
6575.43245953439 5.468292485162261e-16
6577.576707336433 5.387353503946545e-16
6579.739373497378 5.460181966787922e-16
6581.883621299421 5.37928767869589e-16
6584.046911150826 5.484701120931178e-16
6588.354429313946 5.403443573971382e-16
6590.5183038751575 5.476491766226828e-16
6592.680989526429 5.542215114477342e-16
6592.680989526429 5.476491766226828e-16
6594.805610569304 5.583731817694544e-16
6594.805610569304 5.525784675383187e-16
6596.969485130516 5.484701120931178e-16
6599.152382250761 5.600560618145612e-16
6601.296045342999 5.484701120931178e-16
6601.296045342999 5.550598420976699e-16
6603.420646895545 5.460181966787922e-16
6603.420646895545 5.525784675383187e-16
6605.603563506119 5.484701120931178e-16
6607.747207108028 5.533919749040183e-16
6607.747207108028 5.452009311701104e-16
6609.8908702002645 5.411472004408868e-16
6609.8908702002645 5.476491766226828e-16
6614.198388363386 5.387353503946545e-16
6614.198388363386 5.468292485162261e-16
6618.525533285674 5.36319665311951e-16
6620.669781087718 5.395282521739357e-16
6620.669781087718 5.533919749040183e-16
6622.832466738989 5.36319665311951e-16
6622.832466738989 5.403443573971382e-16
6624.976714541033 5.435772424619234e-16
6629.3229015126835 5.468292485162261e-16
6631.447522555558 5.427781631282448e-16
6631.447522555558 5.501009401657091e-16
6633.591166157468 5.395282521739357e-16
6635.774063277714 5.166827173500634e-16
6637.937937838926 5.120803871658533e-16
6637.937937838926 5.252388093144157e-16
6640.0625588818 5.174572335690947e-16
6642.245475492373 5.252388093144157e-16
6644.389119094282 5.347224263221431e-16
6648.696637257404 5.291731489889018e-16
6650.859927108808 5.427781631282448e-16
6653.004174910851 5.36319665311951e-16
6655.167445271929 5.411472004408868e-16
6657.311088873839 5.331229148715304e-16
6657.311088873839 5.387353503946545e-16
6659.474378725245 5.323392037991998e-16
6661.638253286455 5.36319665311951e-16
6663.781896888365 5.435772424619234e-16
6663.781896888365 5.307466063862986e-16
6665.925559980601 5.228907485826372e-16
6665.925559980601 5.395282521739357e-16
6670.25270490289 5.427781631282448e-16
6672.415975263968 5.315494210779002e-16
6672.415975263968 5.509255434366169e-16
6674.560223066011 5.371236104027104e-16
6674.560223066011 5.291731489889018e-16
6676.704470868054 5.427781631282448e-16
6676.704470868054 5.36319665311951e-16
6678.887387478627 5.484701120931178e-16
6681.050053639572 5.395282521739357e-16
6687.501839095063 5.37928767869589e-16
6689.665109456141 5.501009401657091e-16
6689.665109456141 5.435772424619234e-16
6691.828984017352 5.484701120931178e-16
6693.953000860092 5.542215114477342e-16
6693.953000860092 5.501009401657091e-16
6696.116290711498 5.567029239796359e-16
6696.116290711498 5.403443573971382e-16
6698.26053851354 5.492848059895807e-16
6700.423808874619 5.567029239796359e-16
6702.567452476529 5.501009401657091e-16
6706.874990129976 5.435772424619234e-16
6706.874990129976 5.659215003437467e-16
6709.038864691187 5.492848059895807e-16
6713.345778654175 5.484701120931178e-16
6715.490026456218 5.525784675383187e-16
6715.490026456218 5.5921779234972e-16
6717.672943066791 5.550598420976699e-16
6721.960249760938 5.460181966787922e-16
6724.124104831822 5.567029239796359e-16
6726.287394683226 5.693151582276568e-16
6726.287394683226 5.575450080821874e-16
6728.43164248527 5.667775287175963e-16
6730.594912846347 5.525784675383187e-16
6732.7582026977525 5.575450080821874e-16
6732.7582026977525 5.676119399757454e-16
6734.922077258963 5.617139410303135e-16
6734.922077258963 5.509255434366169e-16
6737.065720860874 5.650744517256168e-16
6739.190341903748 5.533919749040183e-16
6741.373239023995 5.633992332126299e-16
6743.536528875399 5.476491766226828e-16
6743.536528875399 5.51751390236869e-16
6745.680776677442 5.468292485162261e-16
6745.680776677442 5.558845568940609e-16
6747.843442838387 5.617139410303135e-16
6749.98769064043 5.583731817694544e-16
6752.150980491834 5.633992332126299e-16
6760.766016818076 5.770113949449321e-16
6762.948933428649 5.787270880343699e-16
6765.073554471524 5.693151582276568e-16
6767.236824832602 5.839519849168539e-16
6769.400114684007 5.9894093291779075e-16
6771.543758285917 6.161663586245585e-16
6773.707632847128 6.386266922257055e-16
6775.851276449037 6.609419757853803e-16
6778.015151010248 6.870806766257335e-16
6780.17783666152 6.799412991526552e-16
6782.3220844635625 6.501752917025687e-16
6782.3220844635625 6.386266922257055e-16
6784.485354824641 6.125020031897646e-16
6784.485354824641 6.034275961820202e-16
6786.649229385852 5.927254605409842e-16
6788.792892478088 5.874457748024062e-16
6793.100410641209 5.865662641186687e-16
6793.100410641209 6.007300034684158e-16
6795.2440542431195 5.953790174838534e-16
6795.2440542431195 5.883183708314501e-16
6797.40792880433 5.962633976066097e-16
6799.551591896567 6.052382937014982e-16
6799.551591896567 5.927254605409842e-16
6801.695235498477 5.962633976066097e-16
6803.878132618724 5.856803558742788e-16
6803.878132618724 5.93605891040901e-16
6806.022380420765 5.848196201249474e-16
6808.185670272171 5.727211439767609e-16
6808.185670272171 5.874457748024062e-16
6810.329918074212 5.796024864911733e-16
6814.657062996503 5.761475063814931e-16
6814.657062996503 5.676119399757454e-16
6816.819748647775 5.770113949449321e-16
6816.819748647775 5.667775287175963e-16
6818.944369690649 5.710077360486925e-16
6818.944369690649 5.667775287175963e-16
6823.2715146129385 5.778763448821833e-16
6825.434804464343 5.633992332126299e-16
6827.578448066253 5.600560618145612e-16
6827.578448066253 5.667775287175963e-16
6829.742322627464 5.550598420976699e-16
6831.8859662293735 5.633992332126299e-16
6834.049840790584 5.650744517256168e-16
6834.049840790584 5.558845568940609e-16
6836.212526441856 5.633992332126299e-16
6840.501022045943 5.525784675383187e-16
6842.66429240702 5.617139410303135e-16
6844.827582258425 5.51751390236869e-16
6849.135100421547 5.427781631282448e-16
6849.135100421547 5.533919749040183e-16
6851.278744023456 5.5921779234972e-16
6851.278744023456 5.484701120931178e-16
6855.586281676903 5.558845568940609e-16
6857.750156238115 5.484701120931178e-16
6857.750156238115 5.427781631282448e-16
6859.933053358362 5.558845568940609e-16
6862.07669696027 5.484701120931178e-16
6862.07669696027 5.331229148715304e-16
6864.201318003145 5.501009401657091e-16
6866.384234613718 5.460181966787922e-16
6866.384234613718 5.501009401657091e-16
6868.5475049747965 5.542215114477342e-16
6868.5475049747965 5.460181966787922e-16
6870.691752776838 5.501009401657091e-16
6874.998686230153 5.403443573971382e-16
6874.998686230153 5.542215114477342e-16
6877.1619565912315 5.323392037991998e-16
6877.1619565912315 5.411472004408868e-16
6879.325831152442 5.291731489889018e-16
6879.325831152442 5.419510242463976e-16
6881.449847995184 5.213335028855932e-16
6883.613137846589 5.044939617731612e-16
6883.613137846589 5.151439600847832e-16
6885.7770124078 5.052502068393803e-16
6885.7770124078 5.128479974922351e-16
6887.940282768879 4.896628804804693e-16
6890.084530570921 4.795331632958685e-16
6890.084530570921 4.955395293897424e-16
6892.22817417283 4.689162728855732e-16
6892.22817417283 5.037386446897953e-16
6894.3718372650665 5.411472004408868e-16
6894.3718372650665 5.315494210779002e-16
6896.535711826279 5.120803871658533e-16
6896.535711826279 4.802519852176095e-16
6898.718608946525 4.640499292136039e-16
6898.718608946525 4.306846736062999e-16
6900.843229989399 4.2240711153649774e-16
6900.843229989399 4.3004570636301733e-16
6903.00591564067 4.3456137004518127e-16
6903.00591564067 4.463838777428144e-16
6905.169790201882 4.592217919680088e-16
6907.33306056296 4.867442292914941e-16
6907.33306056296 5.014867064190334e-16
6909.477308365003 5.113139257678382e-16
6909.477308365003 5.323392037991998e-16
6911.62097145724 5.452009311701104e-16
6911.62097145724 5.411472004408868e-16
6913.7848460184505 5.315494210779002e-16
6915.947512179396 5.291731489889018e-16
6915.947512179396 5.120803871658533e-16
6918.091759981438 4.962758081674322e-16
6918.091759981438 4.874804919548281e-16
6920.255049832844 4.809718911468821e-16
6920.255049832844 5.014867064190334e-16
6922.418924394055 4.838495502214775e-16
6924.562567995964 4.911255312880106e-16
6928.889128208447 4.948045499662307e-16
6931.0333760104895 5.014867064190334e-16
6935.360520932778 5.052502068393803e-16
6937.484537775521 5.136099934064646e-16
6939.647827626925 4.977647684347227e-16
6939.647827626925 5.082660101972481e-16
6943.974972549215 5.228907485826372e-16
6943.974972549215 5.299521989876298e-16
6946.099008882282 5.174572335690947e-16
6948.281906002529 5.291731489889018e-16
6950.44578056374 5.236674470608101e-16
6959.060836380308 5.323392037991998e-16
6961.223502541254 5.37928767869589e-16
6963.348123584128 5.283739232507797e-16
6967.675287996744 5.411472004408868e-16
6967.675287996744 5.371236104027104e-16
6969.819535798787 5.268077203304892e-16
6972.002432919033 5.339220680219804e-16
6972.002432919033 5.435772424619234e-16
6974.146076520943 5.484701120931178e-16
6976.289739613179 5.419510242463976e-16
6978.45361417439 5.550598420976699e-16
6978.45361417439 5.419510242463976e-16
6980.616884535468 5.492848059895807e-16
6982.761132337511 5.403443573971382e-16
6982.761132337511 5.542215114477342e-16
6984.904775939422 5.476491766226828e-16
6987.068065790825 5.5921779234972e-16
6989.212313592869 5.642363387797519e-16
6989.212313592869 5.558845568940609e-16
6991.375583953947 5.452009311701104e-16
6991.375583953947 5.51751390236869e-16
6999.971013011347 5.558845568940609e-16
6999.971013011347 5.676119399757454e-16
7002.153910131594 5.575450080821874e-16
7002.153910131594 5.650744517256168e-16
7004.316595782866 5.752929699883657e-16
7008.605091386951 5.821973013954678e-16
7010.768361748029 5.796024864911733e-16
7010.768361748029 5.865662641186687e-16
7012.931651599434 5.9007570322309e-16
7015.095526160645 5.761475063814931e-16
7015.095526160645 5.701685713746053e-16
7017.239169762555 5.770113949449321e-16
7017.239169762555 5.701685713746053e-16
7021.565729975037 5.533919749040183e-16
7030.161139542111 5.567029239796359e-16
7032.324429393516 5.676119399757454e-16
7032.324429393516 5.600560618145612e-16
7034.507326513762 5.533919749040183e-16
7036.631947556636 5.575450080821874e-16
7036.631947556636 5.659215003437467e-16
7038.775591158546 5.770113949449321e-16
7040.958507769119 5.659215003437467e-16
7045.247003373205 5.744318945301042e-16
7047.429900493451 5.684550670174208e-16
7049.573563585689 5.608729554729543e-16
7051.7172071875975 5.727211439767609e-16
7051.7172071875975 5.770113949449321e-16
7053.881081748809 5.608729554729543e-16
7053.881081748809 5.659215003437467e-16
7056.044352109887 5.701685713746053e-16
7062.495533365244 5.874457748024062e-16
7062.495533365244 5.718714502844541e-16
7066.822678287534 5.701685713746053e-16
7066.822678287534 5.625559522309279e-16
7068.96634137977 5.727211439767609e-16
7071.130215940981 5.796024864911733e-16
7071.130215940981 5.735718679370304e-16
7075.4371299039685 5.744318945301042e-16
7077.620046514542 5.83070017226311e-16
7079.7446675574165 5.93605891040901e-16
7081.868684400159 6.007300034684158e-16
7084.051581520404 6.052382937014982e-16
7086.215456081616 5.998389984589798e-16
7086.215456081616 6.079396071426867e-16
7088.359119173852 6.01622567437766e-16
7088.359119173852 5.953790174838534e-16
7090.503366975894 5.839519849168539e-16
7092.666637336973 5.89192493610867e-16
7092.666637336973 5.83070017226311e-16
7094.830511898183 5.735718679370304e-16
7099.117818592331 5.821973013954678e-16
7101.281693153542 5.701685713746053e-16
7103.444963514619 5.693151582276568e-16
7105.608253366025 5.761475063814931e-16
7107.751896967934 5.718714502844541e-16
7109.915771529146 5.778763448821833e-16
7109.915771529146 5.718714502844541e-16
7112.059415131054 5.83070017226311e-16
7114.223289692265 5.744318945301042e-16
7118.530223145581 5.710077360486925e-16
7120.674470947624 5.761475063814931e-16
7122.857368067869 5.693151582276568e-16
7122.857368067869 5.735718679370304e-16
7124.9819891107445 5.533919749040183e-16
7127.164905721316 5.676119399757454e-16
7127.164905721316 5.744318945301042e-16
7131.471819684304 5.667775287175963e-16
7133.616067486348 5.550598420976699e-16
7133.616067486348 5.633992332126299e-16
7135.779357337753 5.5921779234972e-16
7135.779357337753 5.676119399757454e-16
7137.9426276988315 5.718714502844541e-16
7137.9426276988315 5.633992332126299e-16
7140.106502260042 5.701685713746053e-16
7140.106502260042 5.633992332126299e-16
7144.393808954188 5.693151582276568e-16
7146.557683515399 5.583731817694544e-16
7146.557683515399 5.676119399757454e-16
7148.720953876477 5.525784675383187e-16
7148.720953876477 5.608729554729543e-16
7150.86520167852 5.727211439767609e-16
7153.027887329792 5.761475063814931e-16
7153.027887329792 5.642363387797519e-16
7155.172135131835 5.558845568940609e-16
7155.172135131835 5.684550670174208e-16
7157.316382933877 5.761475063814931e-16
7161.642943146361 5.839519849168539e-16
7163.786586748271 5.744318945301042e-16
7165.950461309481 5.89192493610867e-16
7168.113731670559 5.944957083883046e-16
7170.2579794726025 5.998389984589798e-16
7170.2579794726025 5.918460882838431e-16
7174.5845396850855 6.025325982243011e-16
7176.70916072796 6.079396071426867e-16
7176.70916072796 6.034275961820202e-16
7178.8724310890375 6.097718753584494e-16
7181.016678891081 6.152524666579441e-16
7181.016678891081 6.245044444607408e-16
7183.199595501653 6.134201541550081e-16
7185.343239103564 6.310617439788718e-16
7187.486882705473 6.097718753584494e-16
7189.669799316045 6.143313244166842e-16
7191.81404711809 6.291826038506134e-16
7191.81404711809 6.386266922257055e-16
7193.958294920132 6.310617439788718e-16
7193.958294920132 6.180234214335375e-16
7196.1209610810765 6.263698662177105e-16
7196.1209610810765 6.367336786867629e-16
7198.265208883119 6.189332770197535e-16
7198.265208883119 6.134201541550081e-16
7200.4284987345245 6.226445698017953e-16
7200.4284987345245 6.161663586245585e-16
7202.592373295735 5.971574483909736e-16
7202.592373295735 6.034275961820202e-16
7204.755643656814 5.821973013954678e-16
7206.879660499555 5.909521977909204e-16
7209.062577110128 5.718714502844541e-16
7211.20682491217 5.839519849168539e-16
7211.20682491217 5.778763448821833e-16
7213.370095273249 5.821973013954678e-16
7215.514343075292 5.761475063814931e-16
7215.514343075292 5.821973013954678e-16
7222.004173648853 5.839519849168539e-16
7228.45535490421 5.727211439767609e-16
7230.599602706253 5.918460882838431e-16
7230.599602706253 5.962633976066097e-16
7232.762873067331 5.93605891040901e-16
7234.926747628542 5.883183708314501e-16
7237.070410720778 6.034275961820202e-16
7239.234285281989 5.927254605409842e-16
7241.396951442935 6.088591932566354e-16
7245.7044890963825 6.125020031897646e-16
7247.848736898426 6.263698662177105e-16
7252.1758818207145 6.386266922257055e-16
7256.463188514861 6.320079636593037e-16
7256.463188514861 6.367336786867629e-16
7258.646085635108 6.273002718964966e-16
7258.646085635108 6.395842634893314e-16
7260.770706677981 6.254320792543179e-16
7260.770706677981 6.189332770197535e-16
7262.934581239193 6.115849788809299e-16
7262.934581239193 5.971574483909736e-16
7267.241514692507 6.125020031897646e-16
7267.241514692507 6.291826038506134e-16
7269.366135735381 6.088591932566354e-16
7273.712322707033 6.207820658365796e-16
7273.712322707033 6.161663586245585e-16
7278.000214110985 6.207820658365796e-16
7280.163484472064 6.043321444561545e-16
7282.327359033275 6.161663586245585e-16
7282.327359033275 6.025325982243011e-16
7284.490044684547 5.9007570322309e-16
7288.778540288633 5.962633976066097e-16
7290.94181064971 5.944957083883046e-16
7293.105100501114 5.9007570322309e-16
7297.412618664236 5.778763448821833e-16
7299.5562622661455 5.883183708314501e-16
7301.720136827356 5.962633976066097e-16
7303.903053437929 5.9894093291779075e-16
7303.903053437929 6.061373106814776e-16
7306.027674480804 6.180234214335375e-16
7308.19034064175 6.061373106814776e-16
7310.35421520296 6.106778819723142e-16
7312.497878295197 5.9894093291779075e-16
7314.6617528564075 6.007300034684158e-16
7314.6617528564075 6.088591932566354e-16
7316.805396458318 6.152524666579441e-16
7316.805396458318 6.207820658365796e-16
7321.131956670801 6.263698662177105e-16
7323.276204472842 6.217126203669066e-16
7323.276204472842 6.329467526728092e-16
7325.439474833922 6.415031874833027e-16
7327.603349395133 6.540741937645503e-16
7327.603349395133 6.453498156058485e-16
7329.747012487369 6.589649046800395e-16
7329.747012487369 6.639009294417295e-16
7331.890656089279 6.570024012291519e-16
7331.890656089279 6.501752917025687e-16
7336.217801011569 6.348287646730141e-16
7338.362048813611 6.217126203669066e-16
7340.544965424185 6.097718753584494e-16
7342.668982266925 6.235697028246889e-16
7342.668982266925 6.070459208639326e-16
7344.813230068969 6.180234214335375e-16
7344.813230068969 6.245044444607408e-16
7346.996127189214 6.198526448030219e-16
7349.1397902814515 6.273002718964966e-16
7351.28343388336 6.198526448030219e-16
7353.447308444573 6.143313244166842e-16
7355.61057880565 6.034275961820202e-16
7355.61057880565 6.180234214335375e-16
7357.773868657055 6.025325982243011e-16
7359.89848969993 6.061373106814776e-16
7362.062364261141 6.106778819723142e-16
7364.225030422086 6.025325982243011e-16
7364.225030422086 5.9007570322309e-16
7366.388904983297 6.01622567437766e-16
7368.513526026172 6.088591932566354e-16
7370.696442636745 6.034275961820202e-16
7370.696442636745 6.152524666579441e-16
7372.840086238653 6.088591932566354e-16
7372.840086238653 6.170816164080483e-16
7374.983729840564 6.235697028246889e-16
7377.166646451136 6.097718753584494e-16
7377.166646451136 6.170816164080483e-16
7381.455142055223 6.320079636593037e-16
7381.455142055223 6.226445698017953e-16
7385.762056018211 6.282491434826455e-16
7385.762056018211 6.357803752549884e-16
7387.925345869616 6.226445698017953e-16
7394.396738593947 6.40543002580989e-16
7398.7036720472615 6.453498156058485e-16
7400.86694240834 6.386266922257055e-16
7400.86694240834 6.482392363281182e-16
7403.030816969551 6.570024012291519e-16
7403.030816969551 6.698768615485904e-16
7405.155438012425 6.589649046800395e-16
7405.155438012425 6.658930885238221e-16
7407.338354622998 6.589649046800395e-16
7409.501020783944 6.540741937645503e-16
7409.501020783944 6.609419757853803e-16
7411.645268585986 6.463086843645159e-16
7411.645268585986 6.395842634893314e-16
7415.952806239435 6.560276760395514e-16
7418.097054041476 6.472687070326097e-16
7418.097054041476 6.53094928501188e-16
7422.423594763633 6.658930885238221e-16
7422.423594763633 6.540741937645503e-16
7424.548215806508 6.619327301639262e-16
7426.7311324170805 6.769016466438465e-16
7431.018419620899 6.881199736907118e-16
7431.018419620899 6.809512794855101e-16
7433.182294182112 6.86061605230495e-16
7433.182294182112 6.809512794855101e-16
7435.325957274348 6.748949054675888e-16
7439.672728955805 6.629072291413924e-16
7441.796745798547 6.550457512692251e-16
7441.796745798547 6.678818605354527e-16
7443.9409936005895 6.738847407302619e-16
7446.123910211163 6.658930885238221e-16
7446.123910211163 6.758884782697238e-16
7450.411216905309 6.789417594408624e-16
7450.411216905309 6.891423908806317e-16
7452.594114025555 6.789417594408624e-16
7454.738361827598 6.984585014662656e-16
7454.738361827598 6.932652552177593e-16
7456.882609629642 7.026278361694497e-16
7461.209169842123 7.079005510705873e-16
7461.209169842123 7.13203430240564e-16
7463.3730444033345 7.185555073439609e-16
7463.3730444033345 7.250039863185069e-16
7465.516688005246 7.425304342234041e-16
7465.516688005246 7.348048887168337e-16
7469.843248217727 7.503269970469536e-16
7469.843248217727 7.55937419334864e-16
7471.98749601977 7.480825491532394e-16
7474.150766380849 7.55937419334864e-16
7474.150766380849 7.447382837491763e-16
7476.294409982758 7.650201367386331e-16
7478.438657784801 7.74201463180458e-16
7480.601947636205 7.800010021217065e-16
7482.784844756452 7.776886128163463e-16
7484.929092558495 7.952857025744635e-16
7487.053109401236 8.024442606565234e-16
7489.236026011809 8.242864491274326e-16
7489.236026011809 8.157102855391401e-16
7491.39990057302 8.341903918159235e-16
7493.5435441749305 8.49252371295453e-16
7495.687791976974 8.607332746136052e-16
7495.687791976974 8.815408800643384e-16
7497.8510818283785 8.947972213170835e-16
7497.8510818283785 9.13674575732979e-16
7499.994725430288 9.05536044577601e-16
7502.158599991499 9.343617661490186e-16
7504.283221034374 9.218987681242815e-16
7504.283221034374 9.385575404197879e-16
7506.445906685645 9.484123988793615e-16
7506.445906685645 9.713267899305133e-16
7508.609761756529 9.844575854083796e-16
7508.609761756529 9.992615430105692e-16
7510.773051607934 1.0067470057832365e-15
7510.773051607934 1.0372392927232993e-15
7512.917299409977 1.05599619922149e-15
7512.917299409977 1.0782889892881349e-15
7515.080569771055 1.0912443594160952e-15
7517.224817573098 1.1394950528158356e-15
7517.224817573098 1.1757678460369935e-15
7519.3875032243695 1.1863350932534503e-15
7519.3875032243695 1.2204699535092567e-15
7521.551377785581 1.2687539292566964e-15
7521.551377785581 1.3032893944799107e-15
7523.695021387492 1.3407712032588839e-15
7523.695021387492 1.3752236719323331e-15
7525.858895948702 1.4105614315449093e-15
7525.858895948702 1.4861887025752128e-15
7528.022185800107 1.5519228012814324e-15
7530.146202642848 1.6181387004001366e-15
7530.146202642848 1.6846538257327275e-15
7532.329099763094 1.7460868185275238e-15
7532.329099763094 1.815165138199618e-15
7534.492974324306 1.870167398239535e-15
7534.492974324306 2.0000680781018714e-15
7536.636637416542 2.123116394936478e-15
7536.636637416542 2.207080685322172e-15
7538.800511977754 2.399436694196024e-15
7538.800511977754 2.569946722446527e-15
7540.944155579662 2.7855705169771244e-15
7540.944155579662 3.0647719783437825e-15
7545.270715792146 3.885490589324282e-15
7545.270715792146 4.3912408863006665e-15
7547.4149635941885 4.809718911468821e-15
7547.4149635941885 5.268075070461409e-15
7549.559211396232 5.419581699196853e-15
7551.72248175731 5.045004093186415e-15
7551.72248175731 4.654422032178305e-15
7553.885771608715 4.124421888859509e-15
7553.885771608715 3.5900022732162695e-15
7556.029415210624 3.1481937565948575e-15
7558.193289771835 2.8106440699243458e-15
7558.193289771835 2.4758173796843635e-15
7560.336933373745 2.277337226693959e-15
7560.336933373745 2.154984566023337e-15
7562.480596465981 2.0030661872829606e-15
7562.480596465981 1.9325663464437946e-15
7564.68372454553 1.842461034562712e-15
7564.68372454553 1.7618030293060262e-15
7566.807741388271 1.7227966373204447e-15
7566.807741388271 1.6498249121064992e-15
7568.951989190314 1.6133196449181924e-15
7568.951989190314 1.584663399986881e-15
7571.11525955139 1.5357760554089573e-15
7573.278549402796 1.4995458459002154e-15
7573.278549402796 1.4729505175803243e-15
7575.442423964007 1.421108626734677e-15
7575.442423964007 1.3487930674175258e-15
7577.586067565917 1.315020616099909e-15
7577.586067565917 1.2744345133461394e-15
7579.7493379269945 1.2277720360251648e-15
7579.7493379269945 1.1722662361425235e-15
7581.893585729038 1.1192697732786593e-15
7584.037248821274 1.0912443594160952e-15
7586.180892423185 1.0418970550939385e-15
7588.363789543431 1.0082561367416696e-15
7590.508037345473 9.977794479823004e-16
7590.508037345473 9.815257124134824e-16
7592.671327196878 9.612464913060376e-16
7594.835201758089 9.371651015568169e-16
7594.835201758089 9.150445599955823e-16
7596.9788453599995 8.988034913600651e-16
7599.122488961908 8.815408800643384e-16
7601.286363523121 8.710747677243086e-16
7601.286363523121 8.49252371295453e-16
7603.430026615357 8.41687690513268e-16
7605.593901176568 8.218319353520154e-16
7605.593901176568 8.084553662397403e-16
7607.757171537646 7.893725173491206e-16
7609.920461389051 8.00054452611362e-16
7609.920461389051 7.8702196831387e-16
7612.045062941597 7.53696368875651e-16
7612.045062941597 7.33714726278123e-16
7614.227979552172 7.271693003323665e-16
7616.371623154081 7.369997826662654e-16
7616.371623154081 7.036999285190065e-16
7618.535497715292 6.932652552177593e-16
7620.679141317201 6.85034735718894e-16
7620.679141317201 7.036999285190065e-16
7622.822804409438 6.901660384546112e-16
7622.822804409438 6.953360684872356e-16
7624.98667897065 7.110794053350399e-16
7627.169576090895 6.984585014662656e-16
7629.294197133771 6.809512794855101e-16
7631.456882785042 6.891423908806317e-16
7631.456882785042 6.599526954219511e-16
7633.620757346254 6.291826038506134e-16
7633.620757346254 6.189332770197535e-16
7635.784027707331 6.273002718964966e-16
7637.9282755093745 6.376881533474901e-16
7637.9282755093745 6.599526954219511e-16
7640.091565360779 6.463086843645159e-16
7642.2358131628225 6.273002718964966e-16
7642.2358131628225 6.367336786867629e-16
7644.398479323767 6.492109580162822e-16
7644.398479323767 6.097718753584494e-16
7646.562353884978 6.273002718964966e-16
7648.706016977214 6.061373106814776e-16
7650.869891538425 6.152524666579441e-16
7650.869891538425 6.198526448030219e-16
7653.013535140335 5.944957083883046e-16
7653.013535140335 6.043321444561545e-16
7655.177409701546 6.226445698017953e-16
7657.340095352818 6.052382937014982e-16
7657.340095352818 5.962633976066097e-16
7659.464716395693 6.282491434826455e-16
7661.608964197736 6.125020031897646e-16
7661.608964197736 5.918460882838431e-16
7663.791861317983 6.106778819723142e-16
7665.935504919891 6.061373106814776e-16
7665.935504919891 6.007300034684158e-16
7668.079752721935 5.874457748024062e-16
7670.262669332507 6.198526448030219e-16
7670.262669332507 6.125020031897646e-16
7672.406312934418 5.9894093291779075e-16
7672.406312934418 6.052382937014982e-16
7674.530933977292 6.320079636593037e-16
7674.530933977292 6.463086843645159e-16
7676.713831097538 6.273002718964966e-16
7676.713831097538 6.115849788809299e-16
7678.877120948942 6.395842634893314e-16
7681.021368750986 6.329467526728092e-16
7683.165012352896 6.180234214335375e-16
7683.165012352896 6.088591932566354e-16
7685.328886914107 6.180234214335375e-16
7687.51180352468 6.106778819723142e-16
7687.51180352468 6.061373106814776e-16
7689.65544712659 5.9894093291779075e-16
7689.65544712659 5.918460882838431e-16
7691.8187174876675 5.971574483909736e-16
7693.962965289711 5.575450080821874e-16
7693.962965289711 5.650744517256168e-16
7696.106628381947 5.787270880343699e-16
7698.270502943158 5.909521977909204e-16
7700.453400063405 5.944957083883046e-16
7700.453400063405 5.796024864911733e-16
7702.577416906146 5.89192493610867e-16
7704.72166470819 5.944957083883046e-16
7706.904581318762 5.821973013954678e-16
7709.06785167984 5.848196201249474e-16
7711.191868522581 5.804634242117644e-16
7713.355743083794 5.848196201249474e-16
7713.355743083794 5.927254605409842e-16
7717.663280737241 6.052382937014982e-16
7717.663280737241 6.180234214335375e-16
7724.133484551633 6.152524666579441e-16
7726.297359112844 5.944957083883046e-16
7726.297359112844 6.034275961820202e-16
7728.441002714753 5.927254605409842e-16
7730.604292566159 5.787270880343699e-16
7730.604292566159 5.9804446213649e-16
7732.768167127369 5.883183708314501e-16
7732.768167127369 5.953790174838534e-16
7737.056058531323 6.079396071426867e-16
7739.2193288924 6.125020031897646e-16
7739.2193288924 6.043321444561545e-16
7741.362991984637 5.953790174838534e-16
7743.526847055522 5.9007570322309e-16
7743.526847055522 5.770113949449321e-16
7747.8147579498 5.693151582276568e-16
7747.8147579498 5.821973013954678e-16
7752.160944921452 5.228907485826372e-16
7752.160944921452 5.067594110362643e-16
7754.304588523361 5.197808948956967e-16
7754.304588523361 5.452009311701104e-16
7756.448836325404 5.667775287175963e-16
7756.448836325404 5.575450080821874e-16
7758.612106686482 5.684550670174208e-16
7760.775396537887 5.550598420976699e-16
7762.939271099098 5.650744517256168e-16
7765.063287941841 5.583731817694544e-16
7765.063287941841 5.476491766226828e-16
7767.227162503052 5.427781631282448e-16
7767.227162503052 5.468292485162261e-16
7769.390432864129 5.533919749040183e-16
7769.390432864129 5.492848059895807e-16
7773.678343758408 5.51751390236869e-16
7775.861240878655 5.387353503946545e-16
7775.861240878655 5.427781631282448e-16
7778.004884480564 5.509255434366169e-16
7780.16817433197 5.355239771459591e-16
7782.33204889318 5.443846685220233e-16
7782.33204889318 5.37928767869589e-16
7784.47569249509 5.435772424619234e-16
7784.47569249509 5.501009401657091e-16
7786.619940297132 5.452009311701104e-16
7788.78321065821 5.387353503946545e-16
7790.946500509615 5.36319665311951e-16
7793.090748311659 5.443846685220233e-16
7793.090748311659 5.403443573971382e-16
7795.2540186727365 5.36319665311951e-16
7795.2540186727365 5.307466063862986e-16
7797.417308524142 5.387353503946545e-16
7797.417308524142 5.252388093144157e-16
7799.580578885219 5.347224263221431e-16
7799.580578885219 5.427781631282448e-16
7801.724826687263 5.36319665311951e-16
7801.724826687263 5.315494210779002e-16
7803.8684702891715 5.260261441625218e-16
7806.051386899744 5.36319665311951e-16
7806.051386899744 5.283739232507797e-16
7808.195634701789 5.427781631282448e-16
7810.320236254335 5.283739232507797e-16
7810.320236254335 5.236674470608101e-16
7812.503152864909 5.36319665311951e-16
7814.666423225986 5.252388093144157e-16
7814.666423225986 5.213335028855932e-16
7816.791044268862 5.315494210779002e-16
7818.934707361099 5.252388093144157e-16
7823.261852283387 5.228907485826372e-16
7823.261852283387 5.347224263221431e-16
7825.425122644466 5.221149836654365e-16
7829.713033538745 5.268077203304892e-16
7831.895930658991 5.213335028855932e-16
7834.039574260901 5.143729132536189e-16
7836.183822062943 5.252388093144157e-16
7838.347111914349 4.838495502214775e-16
7838.347111914349 4.37155236650759e-16
7840.490755516257 4.592217919680088e-16
7840.490755516257 3.7599346507153385e-16
7842.673672126832 4.530966449645351e-16
7842.673672126832 4.795331632958685e-16
7844.8375466880425 4.94070453959033e-16
7846.961563530784 5.151439600847832e-16
7846.961563530784 5.268077203304892e-16
7849.125438091995 5.347224263221431e-16
7849.125438091995 5.228907485826372e-16
7851.288708453072 5.307466063862986e-16
7851.288708453072 5.260261441625218e-16
7853.4519983044775 5.347224263221431e-16
7853.4519983044775 5.260261441625218e-16
7855.596226616194 5.197808948956967e-16
7855.596226616194 5.143729132536189e-16
7857.759516467599 5.221149836654365e-16
7859.903160069509 5.283739232507797e-16
7862.06703463072 5.182331206139883e-16
7864.210697722956 4.773959156716656e-16
7864.210697722956 4.483883754191681e-16
7866.373968084034 4.903904276603365e-16
7866.373968084034 5.252388093144157e-16
7868.537842645244 5.128479974922351e-16
7870.681486247155 5.275902370527291e-16
7872.825734049198 5.839519849168539e-16
7875.008650659771 6.688832976581589e-16
7875.008650659771 6.43410641296621e-16
7877.15229426168 5.625559522309279e-16
7877.15229426168 5.315494210779002e-16
7881.459812424802 5.275902370527291e-16
7883.6034755170385 5.007360944601066e-16
7885.767350078249 5.044939617731612e-16
7887.950247198495 5.283739232507797e-16
7887.950247198495 5.355239771459591e-16
7890.074264041237 5.260261441625218e-16
7896.545072055762 5.190029006822183e-16
7900.832963459716 5.371236104027104e-16
7900.832963459716 5.228907485826372e-16
7909.467061325646 5.268077203304892e-16
7913.774579488767 5.236674470608101e-16
7915.9378498498445 5.252388093144157e-16
7920.245387503292 5.136099934064646e-16
7920.245387503292 5.190029006822183e-16
7922.389615815007 5.283739232507797e-16
7924.572532425582 5.221149836654365e-16
7926.71617602749 5.143729132536189e-16
7928.860423829534 5.190029006822183e-16
7928.860423829534 5.236674470608101e-16
7931.023713680939 5.347224263221431e-16
7931.023713680939 5.291731489889018e-16
7933.186984042017 5.315494210779002e-16
7937.494502205138 5.236674470608101e-16
7939.657792056541 5.197808948956967e-16
7939.657792056541 5.347224263221431e-16
7941.802039858585 5.244595607954414e-16
7941.802039858585 5.331229148715304e-16
7943.945683460495 5.275974141019386e-16
7943.945683460495 5.323392037991998e-16
7946.108953821573 5.268077203304892e-16
7946.108953821573 5.2056025906561425e-16
7948.272243672978 5.331229148715304e-16
7948.272243672978 5.197808948956967e-16
7952.579761836099 5.190029006822183e-16
7954.724009638141 5.213335028855932e-16
7956.88727999922 5.260261441625218e-16
7956.88727999922 5.213335028855932e-16
7959.050569850624 5.113139257678382e-16
7959.050569850624 5.190029006822183e-16
7961.194817652668 5.090348204266838e-16
7961.194817652668 5.221149836654365e-16
7965.501751105982 5.244595607954414e-16
7965.501751105982 5.166827173500634e-16
7967.684648226228 5.113139257678382e-16
7969.848522787439 5.151439600847832e-16
7971.972539630181 5.244595607954414e-16
7971.972539630181 5.197808948956967e-16
7974.116787432224 5.120803871658533e-16
7974.116787432224 5.159163785552471e-16
7978.443347644707 5.236674470608101e-16
7980.587595446749 5.151439600847832e-16
7980.587595446749 5.213335028855932e-16
7982.731239048659 5.221149836654365e-16
7984.895113609871 5.151439600847832e-16
7984.895113609871 5.213335028855932e-16
7989.202047063185 5.174572335690947e-16
7991.346294865228 5.275974141019386e-16
7991.346294865228 5.113139257678382e-16
7993.529191985474 5.307466063862986e-16
7993.529191985474 5.228907485826372e-16
7995.672855077711 5.097980787153826e-16
7995.672855077711 5.166827173500634e-16
8000. 5.275974141019386e-16
8000. 5.136099934064646e-16
8004.287891403952 5.097980787153826e-16
8006.451181255357 5.174572335690947e-16
8008.594824857266 5.244595607954414e-16
8012.921969779556 5.244595607954414e-16
8015.08525963096 5.166827173500634e-16
8017.229507433005 5.197808948956967e-16
8019.392777794082 5.143729132536189e-16
8021.536440886319 5.213335028855932e-16
8023.719338006564 5.252388093144157e-16
8023.719338006564 5.197808948956967e-16
8027.988206851482 5.143729132536189e-16
8030.19014602109 5.228907485826372e-16
8032.334393823133 5.182331206139883e-16
8032.334393823133 5.260261441625218e-16
8034.45899537568 5.228907485826372e-16
8036.641911986254 5.299521989876298e-16
8038.785555588163 5.213335028855932e-16
8040.948845439569 5.307466063862986e-16
8043.1127200007795 5.236674470608101e-16
8043.1127200007795 5.395282521739357e-16
8045.256363602688 5.331229148715304e-16
8047.400611404733 5.307466063862986e-16
8049.563881765811 5.236674470608101e-16
8051.7271716172145 5.166827173500634e-16
8056.015063021167 5.252388093144157e-16
8060.341623233651 5.268077203304892e-16
8066.773762439646 5.331229148715304e-16
8068.956659559892 5.291731489889018e-16
8068.956659559892 5.213335028855932e-16
8071.100322652128 5.291731489889018e-16
8071.100322652128 5.228907485826372e-16
8073.264197213341 5.427781631282448e-16
8075.427467574418 5.331229148715304e-16
8075.427467574418 5.260261441625218e-16
8077.571130666655 5.315494210779002e-16
8079.71535897837 5.36319665311951e-16
8079.71535897837 5.299521989876298e-16
8081.878648829776 5.355239771459591e-16
8084.041919190853 5.268077203304892e-16
8084.041919190853 5.36319665311951e-16
8090.493685156017 5.315494210779002e-16
8092.6766017665905 5.419510242463976e-16
8092.6766017665905 5.355239771459591e-16
8094.820245368501 5.452009311701104e-16
8096.964493170543 5.411472004408868e-16
8099.127783021947 5.452009311701104e-16
8101.271426623858 5.542215114477342e-16
8103.435301185069 5.676119399757454e-16
8105.618198305314 5.633992332126299e-16
8107.742234638384 5.778763448821833e-16
8107.742234638384 5.659215003437467e-16
8109.886482440425 5.813414490982643e-16
8109.886482440425 5.962633976066097e-16
8112.069379560673 6.079396071426867e-16
8112.069379560673 6.170816164080483e-16
8114.2326694120775 6.245044444607408e-16
8116.357270964625 6.125020031897646e-16
8118.5205608160295 6.01622567437766e-16
8118.5205608160295 5.93605891040901e-16
8120.683831177107 5.710077360486925e-16
8120.683831177107 5.659215003437467e-16
8122.82807897915 5.550598420976699e-16
8124.991349340228 5.395282521739357e-16
8127.154639191633 5.501009401657091e-16
8129.298886993676 5.395282521739357e-16
8133.586778397628 5.427781631282448e-16
8135.769675517875 5.307466063862986e-16
8135.769675517875 5.403443573971382e-16
8137.913338610112 5.275902370527291e-16
8137.913338610112 5.331229148715304e-16
8140.057586412154 5.260261441625218e-16
8140.057586412154 5.403443573971382e-16
8144.384146624638 5.252388093144157e-16
8144.384146624638 5.291731489889018e-16
8146.528374936353 5.244595607954414e-16
8146.528374936353 5.307466063862986e-16
8148.691664787758 5.419510242463976e-16
8148.691664787758 5.36319665311951e-16
8150.8549351488355 5.291731489889018e-16
8150.8549351488355 5.355239771459591e-16
8152.979556191711 5.252388093144157e-16
8155.162472802283 5.403443573971382e-16
8157.325743163361 5.452009311701104e-16
8159.4699909654055 5.558845568940609e-16
8161.613634567314 5.468292485162261e-16
8163.776924418719 5.228907485826372e-16
8165.94079897993 5.268077203304892e-16
8168.104069341009 5.625559522309279e-16
8168.104069341009 5.460181966787922e-16
8170.22808618375 5.331229148715304e-16
8170.22808618375 5.275902370527291e-16
8172.391960744961 5.347224263221431e-16
8174.574877355534 5.452009311701104e-16
8174.574877355534 5.355239771459591e-16
8176.718520957444 5.2056025906561425e-16
8176.718520957444 5.067594110362643e-16
8178.843142000319 5.128479974922351e-16
8178.843142000319 5.014867064190334e-16
8181.026039120565 5.082660101972481e-16
8183.169702212801 5.143729132536189e-16
8183.169702212801 5.197808948956967e-16
8185.333576774013 5.268077203304892e-16
8187.496847135089 5.213335028855932e-16
8187.496847135089 5.323392037991998e-16
8189.6405102273275 5.213335028855932e-16
8191.804365298211 5.260261441625218e-16
8196.09227619249 5.331229148715304e-16
8196.09227619249 5.268077203304892e-16
8198.275173312737 5.213335028855932e-16
8200.418836404973 5.174572335690947e-16
8200.418836404973 5.044939617731612e-16
8202.58210676605 5.213335028855932e-16
8204.745981327262 5.268077203304892e-16
8206.889624929172 5.307466063862986e-16
8209.033872731216 5.403443573971382e-16
8213.34080618453 5.443846685220233e-16
8215.485053986573 5.484701120931178e-16
8219.811614199056 5.411472004408868e-16
8221.955862001098 5.509255434366169e-16
8221.955862001098 5.355239771459591e-16
8224.099505603008 5.291731489889018e-16
8224.099505603008 5.190029006822183e-16
8230.589940376702 5.014867064190334e-16
8230.589940376702 4.962758081674322e-16
8232.733583978612 5.060007021728959e-16
8234.877831780655 5.128479974922351e-16
8234.877831780655 5.182331206139883e-16
8237.060728900902 5.307466063862986e-16
8239.224018752306 5.190029006822183e-16
8239.224018752306 5.411472004408868e-16
8241.36826655435 5.339220680219804e-16
8243.51191015626 5.252388093144157e-16
8245.675200007663 5.355239771459591e-16
8247.858097127908 5.315494210779002e-16
8247.858097127908 5.275974141019386e-16
8250.002344929952 5.097980787153826e-16
8252.126965972828 5.213335028855932e-16
8254.309863093073 5.252388093144157e-16
8256.453526185309 5.299521989876298e-16
8258.616796546388 5.136099934064646e-16
8258.616796546388 5.244595607954414e-16
8265.068562511551 5.355239771459591e-16
8267.231852362955 5.275974141019386e-16
8269.395122724034 5.371236104027104e-16
8269.395122724034 5.291731489889018e-16
8273.702640887157 5.236674470608101e-16
8277.990551781435 5.197808948956967e-16
8280.173448901682 5.283739232507797e-16
8280.173448901682 5.197808948956967e-16
8282.31709250359 5.244595607954414e-16
8286.624630157039 5.331229148715304e-16
8286.624630157039 5.387353503946545e-16
8293.095418681238 5.435772424619234e-16
8299.566226695762 5.452009311701104e-16
8301.709889787999 5.331229148715304e-16
8303.873744858884 5.355239771459591e-16
8305.997781191953 5.260261441625218e-16
8308.161655753163 5.315494210779002e-16
8308.161655753163 5.355239771459591e-16
8310.34455287341 5.371236104027104e-16
8312.488215965646 5.275902370527291e-16
8316.795734128766 5.260261441625218e-16
8323.266542143292 5.075121481317638e-16
8323.266542143292 5.159163785552471e-16
8325.410185745204 5.2056025906561425e-16
8331.880993759729 5.307466063862986e-16
8331.880993759729 5.252388093144157e-16
8334.02524156177 5.190029006822183e-16
8334.02524156177 5.244595607954414e-16
8336.18851192285 5.307466063862986e-16
8340.476403326802 5.213335028855932e-16
8340.476403326802 5.159163785552471e-16
8342.659319937375 5.221149836654365e-16
8344.822590298452 5.299521989876298e-16
8344.822590298452 5.395282521739357e-16
8346.966838100496 5.166827173500634e-16
8349.130108461573 5.260261441625218e-16
8351.28388703346 5.323392037991998e-16
8357.744579568336 5.452009311701104e-16
8359.90843463922 5.533919749040183e-16
8364.215368092535 5.5921779234972e-16
8366.359615894577 5.701685713746053e-16
8368.503278986813 5.804634242117644e-16
8370.667134057698 5.744318945301042e-16
8374.99369427018 5.684550670174208e-16
8377.118315313055 5.550598420976699e-16
8379.28160516446 5.427781631282448e-16
8379.28160516446 5.492848059895807e-16
8381.44487552554 5.411472004408868e-16
8381.44487552554 5.5921779234972e-16
8383.60875008675 5.411472004408868e-16
8383.60875008675 5.452009311701104e-16
8385.75239368866 5.347224263221431e-16
8385.75239368866 5.283739232507797e-16
8387.8966414907 5.236674470608101e-16
8390.059931342108 5.443846685220233e-16
8390.059931342108 5.331229148715304e-16
8394.366845305096 5.435772424619234e-16
8394.366845305096 5.395282521739357e-16
8396.51109310714 5.600560618145612e-16
8396.51109310714 5.484701120931178e-16
8398.69400971771 5.550598420976699e-16
8400.83765331962 5.667775287175963e-16